time,value,module,metric
37.0,0.1,HandoverShowcase.ap2.wlan[0].mac.dcf.channelAccess.pendingQueue,incomingDataRate:vector
87.0,0.2,HandoverShowcase.ap2.wlan[0].mac.dcf.channelAccess.pendingQueue,incomingDataRate:vector
133.0,0.3,HandoverShowcase.ap2.wlan[0].mac.dcf.channelAccess.pendingQueue,incomingDataRate:vector
170.0,0.4,HandoverShowcase.ap2.wlan[0].mac.dcf.channelAccess.pendingQueue,incomingDataRate:vector
231.0,0.5,HandoverShowcase.ap2.wlan[0].mac.dcf.channelAccess.pendingQueue,incomingDataRate:vector
265.0,0.6,HandoverShowcase.ap2.wlan[0].mac.dcf.channelAccess.pendingQueue,incomingDataRate:vector
316.0,0.7,HandoverShowcase.ap2.wlan[0].mac.dcf.channelAccess.pendingQueue,incomingDataRate:vector
396.0,0.8,HandoverShowcase.ap2.wlan[0].mac.dcf.channelAccess.pendingQueue,incomingDataRate:vector
433.0,0.9,HandoverShowcase.ap2.wlan[0].mac.dcf.channelAccess.pendingQueue,incomingDataRate:vector
481.0,1.0,HandoverShowcase.ap2.wlan[0].mac.dcf.channelAccess.pendingQueue,incomingDataRate:vector
518.0,1.1,HandoverShowcase.ap2.wlan[0].mac.dcf.channelAccess.pendingQueue,incomingDataRate:vector
579.0,1.2,HandoverShowcase.ap2.wlan[0].mac.dcf.channelAccess.pendingQueue,incomingDataRate:vector
613.0,1.3,HandoverShowcase.ap2.wlan[0].mac.dcf.channelAccess.pendingQueue,incomingDataRate:vector
664.0,1.4,HandoverShowcase.ap2.wlan[0].mac.dcf.channelAccess.pendingQueue,incomingDataRate:vector
710.0,1.5,HandoverShowcase.ap2.wlan[0].mac.dcf.channelAccess.pendingQueue,incomingDataRate:vector
936.0,1.6,HandoverShowcase.ap2.wlan[0].mac.dcf.channelAccess.pendingQueue,incomingDataRate:vector
984.0,1.7,HandoverShowcase.ap2.wlan[0].mac.dcf.channelAccess.pendingQueue,incomingDataRate:vector
1017.0,1.8,HandoverShowcase.ap2.wlan[0].mac.dcf.channelAccess.pendingQueue,incomingDataRate:vector
1053.0,1.9,HandoverShowcase.ap2.wlan[0].mac.dcf.channelAccess.pendingQueue,incomingDataRate:vector
1101.0,2.0,HandoverShowcase.ap2.wlan[0].mac.dcf.channelAccess.pendingQueue,incomingDataRate:vector
1137.0,2.1,HandoverShowcase.ap2.wlan[0].mac.dcf.channelAccess.pendingQueue,incomingDataRate:vector
1185.0,2.2,HandoverShowcase.ap2.wlan[0].mac.dcf.channelAccess.pendingQueue,incomingDataRate:vector
1218.0,2.3,HandoverShowcase.ap2.wlan[0].mac.dcf.channelAccess.pendingQueue,incomingDataRate:vector
1254.0,2.4,HandoverShowcase.ap2.wlan[0].mac.dcf.channelAccess.pendingQueue,incomingDataRate:vector
1302.0,2.5,HandoverShowcase.ap2.wlan[0].mac.dcf.channelAccess.pendingQueue,incomingDataRate:vector
1340.0,2.6,HandoverShowcase.ap2.wlan[0].mac.dcf.channelAccess.pendingQueue,incomingDataRate:vector
1388.0,2.7,HandoverShowcase.ap2.wlan[0].mac.dcf.channelAccess.pendingQueue,incomingDataRate:vector
1421.0,2.8,HandoverShowcase.ap2.wlan[0].mac.dcf.channelAccess.pendingQueue,incomingDataRate:vector
1457.0,2.9,HandoverShowcase.ap2.wlan[0].mac.dcf.channelAccess.pendingQueue,incomingDataRate:vector
1505.0,3.0,HandoverShowcase.ap2.wlan[0].mac.dcf.channelAccess.pendingQueue,incomingDataRate:vector
1541.0,3.1,HandoverShowcase.ap2.wlan[0].mac.dcf.channelAccess.pendingQueue,incomingDataRate:vector
1589.0,3.2,HandoverShowcase.ap2.wlan[0].mac.dcf.channelAccess.pendingQueue,incomingDataRate:vector
1622.0,3.3,HandoverShowcase.ap2.wlan[0].mac.dcf.channelAccess.pendingQueue,incomingDataRate:vector
1658.0,3.4,HandoverShowcase.ap2.wlan[0].mac.dcf.channelAccess.pendingQueue,incomingDataRate:vector
1706.0,3.5,HandoverShowcase.ap2.wlan[0].mac.dcf.channelAccess.pendingQueue,incomingDataRate:vector
1742.0,3.6,HandoverShowcase.ap2.wlan[0].mac.dcf.channelAccess.pendingQueue,incomingDataRate:vector
1790.0,3.7,HandoverShowcase.ap2.wlan[0].mac.dcf.channelAccess.pendingQueue,incomingDataRate:vector
1823.0,3.8,HandoverShowcase.ap2.wlan[0].mac.dcf.channelAccess.pendingQueue,incomingDataRate:vector
1861.0,3.9,HandoverShowcase.ap2.wlan[0].mac.dcf.channelAccess.pendingQueue,incomingDataRate:vector
1909.0,4.0,HandoverShowcase.ap2.wlan[0].mac.dcf.channelAccess.pendingQueue,incomingDataRate:vector
1945.0,4.1,HandoverShowcase.ap2.wlan[0].mac.dcf.channelAccess.pendingQueue,incomingDataRate:vector
1993.0,4.2,HandoverShowcase.ap2.wlan[0].mac.dcf.channelAccess.pendingQueue,incomingDataRate:vector
2026.0,4.3,HandoverShowcase.ap2.wlan[0].mac.dcf.channelAccess.pendingQueue,incomingDataRate:vector
2062.0,4.4,HandoverShowcase.ap2.wlan[0].mac.dcf.channelAccess.pendingQueue,incomingDataRate:vector
2110.0,4.5,HandoverShowcase.ap2.wlan[0].mac.dcf.channelAccess.pendingQueue,incomingDataRate:vector
2146.0,4.6,HandoverShowcase.ap2.wlan[0].mac.dcf.channelAccess.pendingQueue,incomingDataRate:vector
2194.0,4.7,HandoverShowcase.ap2.wlan[0].mac.dcf.channelAccess.pendingQueue,incomingDataRate:vector
2227.0,4.8,HandoverShowcase.ap2.wlan[0].mac.dcf.channelAccess.pendingQueue,incomingDataRate:vector
2263.0,4.9,HandoverShowcase.ap2.wlan[0].mac.dcf.channelAccess.pendingQueue,incomingDataRate:vector
2311.0,5.0,HandoverShowcase.ap2.wlan[0].mac.dcf.channelAccess.pendingQueue,incomingDataRate:vector
2349.0,5.1,HandoverShowcase.ap2.wlan[0].mac.dcf.channelAccess.pendingQueue,incomingDataRate:vector
2397.0,5.2,HandoverShowcase.ap2.wlan[0].mac.dcf.channelAccess.pendingQueue,incomingDataRate:vector
2430.0,5.3,HandoverShowcase.ap2.wlan[0].mac.dcf.channelAccess.pendingQueue,incomingDataRate:vector
2466.0,5.4,HandoverShowcase.ap2.wlan[0].mac.dcf.channelAccess.pendingQueue,incomingDataRate:vector
2514.0,5.5,HandoverShowcase.ap2.wlan[0].mac.dcf.channelAccess.pendingQueue,incomingDataRate:vector
2550.0,5.6,HandoverShowcase.ap2.wlan[0].mac.dcf.channelAccess.pendingQueue,incomingDataRate:vector
2598.0,5.7,HandoverShowcase.ap2.wlan[0].mac.dcf.channelAccess.pendingQueue,incomingDataRate:vector
2631.0,5.8,HandoverShowcase.ap2.wlan[0].mac.dcf.channelAccess.pendingQueue,incomingDataRate:vector
2667.0,5.9,HandoverShowcase.ap2.wlan[0].mac.dcf.channelAccess.pendingQueue,incomingDataRate:vector
2715.0,6.0,HandoverShowcase.ap2.wlan[0].mac.dcf.channelAccess.pendingQueue,incomingDataRate:vector
2751.0,6.1,HandoverShowcase.ap2.wlan[0].mac.dcf.channelAccess.pendingQueue,incomingDataRate:vector
2799.0,6.2,HandoverShowcase.ap2.wlan[0].mac.dcf.channelAccess.pendingQueue,incomingDataRate:vector
2832.0,6.3,HandoverShowcase.ap2.wlan[0].mac.dcf.channelAccess.pendingQueue,incomingDataRate:vector
2870.0,6.4,HandoverShowcase.ap2.wlan[0].mac.dcf.channelAccess.pendingQueue,incomingDataRate:vector
2918.0,6.5,HandoverShowcase.ap2.wlan[0].mac.dcf.channelAccess.pendingQueue,incomingDataRate:vector
2954.0,6.6,HandoverShowcase.ap2.wlan[0].mac.dcf.channelAccess.pendingQueue,incomingDataRate:vector
3002.0,6.7,HandoverShowcase.ap2.wlan[0].mac.dcf.channelAccess.pendingQueue,incomingDataRate:vector
3035.0,6.8,HandoverShowcase.ap2.wlan[0].mac.dcf.channelAccess.pendingQueue,incomingDataRate:vector
3071.0,6.9,HandoverShowcase.ap2.wlan[0].mac.dcf.channelAccess.pendingQueue,incomingDataRate:vector
3119.0,7.0,HandoverShowcase.ap2.wlan[0].mac.dcf.channelAccess.pendingQueue,incomingDataRate:vector
3155.0,7.1,HandoverShowcase.ap2.wlan[0].mac.dcf.channelAccess.pendingQueue,incomingDataRate:vector
3203.0,7.2,HandoverShowcase.ap2.wlan[0].mac.dcf.channelAccess.pendingQueue,incomingDataRate:vector
3236.0,7.3,HandoverShowcase.ap2.wlan[0].mac.dcf.channelAccess.pendingQueue,incomingDataRate:vector
3272.0,7.4,HandoverShowcase.ap2.wlan[0].mac.dcf.channelAccess.pendingQueue,incomingDataRate:vector
3320.0,7.5,HandoverShowcase.ap2.wlan[0].mac.dcf.channelAccess.pendingQueue,incomingDataRate:vector
3358.0,7.6,HandoverShowcase.ap2.wlan[0].mac.dcf.channelAccess.pendingQueue,incomingDataRate:vector
3406.0,7.7,HandoverShowcase.ap2.wlan[0].mac.dcf.channelAccess.pendingQueue,incomingDataRate:vector
3439.0,7.8,HandoverShowcase.ap2.wlan[0].mac.dcf.channelAccess.pendingQueue,incomingDataRate:vector
3475.0,7.9,HandoverShowcase.ap2.wlan[0].mac.dcf.channelAccess.pendingQueue,incomingDataRate:vector
3523.0,8.0,HandoverShowcase.ap2.wlan[0].mac.dcf.channelAccess.pendingQueue,incomingDataRate:vector
3559.0,8.1,HandoverShowcase.ap2.wlan[0].mac.dcf.channelAccess.pendingQueue,incomingDataRate:vector
3607.0,8.2,HandoverShowcase.ap2.wlan[0].mac.dcf.channelAccess.pendingQueue,incomingDataRate:vector
3640.0,8.3,HandoverShowcase.ap2.wlan[0].mac.dcf.channelAccess.pendingQueue,incomingDataRate:vector
3676.0,8.4,HandoverShowcase.ap2.wlan[0].mac.dcf.channelAccess.pendingQueue,incomingDataRate:vector
3724.0,8.5,HandoverShowcase.ap2.wlan[0].mac.dcf.channelAccess.pendingQueue,incomingDataRate:vector
3760.0,8.6,HandoverShowcase.ap2.wlan[0].mac.dcf.channelAccess.pendingQueue,incomingDataRate:vector
3808.0,8.7,HandoverShowcase.ap2.wlan[0].mac.dcf.channelAccess.pendingQueue,incomingDataRate:vector
3841.0,8.8,HandoverShowcase.ap2.wlan[0].mac.dcf.channelAccess.pendingQueue,incomingDataRate:vector
3879.0,8.9,HandoverShowcase.ap2.wlan[0].mac.dcf.channelAccess.pendingQueue,incomingDataRate:vector
3927.0,9.0,HandoverShowcase.ap2.wlan[0].mac.dcf.channelAccess.pendingQueue,incomingDataRate:vector
3963.0,9.1,HandoverShowcase.ap2.wlan[0].mac.dcf.channelAccess.pendingQueue,incomingDataRate:vector
4011.0,9.2,HandoverShowcase.ap2.wlan[0].mac.dcf.channelAccess.pendingQueue,incomingDataRate:vector
4044.0,9.3,HandoverShowcase.ap2.wlan[0].mac.dcf.channelAccess.pendingQueue,incomingDataRate:vector
4080.0,9.4,HandoverShowcase.ap2.wlan[0].mac.dcf.channelAccess.pendingQueue,incomingDataRate:vector
4128.0,9.5,HandoverShowcase.ap2.wlan[0].mac.dcf.channelAccess.pendingQueue,incomingDataRate:vector
4164.0,9.6,HandoverShowcase.ap2.wlan[0].mac.dcf.channelAccess.pendingQueue,incomingDataRate:vector
4212.0,9.7,HandoverShowcase.ap2.wlan[0].mac.dcf.channelAccess.pendingQueue,incomingDataRate:vector
4245.0,9.8,HandoverShowcase.ap2.wlan[0].mac.dcf.channelAccess.pendingQueue,incomingDataRate:vector
4281.0,9.9,HandoverShowcase.ap2.wlan[0].mac.dcf.channelAccess.pendingQueue,incomingDataRate:vector
4329.0,10.0,HandoverShowcase.ap2.wlan[0].mac.dcf.channelAccess.pendingQueue,incomingDataRate:vector
4367.0,10.1,HandoverShowcase.ap2.wlan[0].mac.dcf.channelAccess.pendingQueue,incomingDataRate:vector
4415.0,10.2,HandoverShowcase.ap2.wlan[0].mac.dcf.channelAccess.pendingQueue,incomingDataRate:vector
4448.0,10.3,HandoverShowcase.ap2.wlan[0].mac.dcf.channelAccess.pendingQueue,incomingDataRate:vector
4484.0,10.4,HandoverShowcase.ap2.wlan[0].mac.dcf.channelAccess.pendingQueue,incomingDataRate:vector
4532.0,10.5,HandoverShowcase.ap2.wlan[0].mac.dcf.channelAccess.pendingQueue,incomingDataRate:vector
4568.0,10.6,HandoverShowcase.ap2.wlan[0].mac.dcf.channelAccess.pendingQueue,incomingDataRate:vector
4616.0,10.7,HandoverShowcase.ap2.wlan[0].mac.dcf.channelAccess.pendingQueue,incomingDataRate:vector
4649.0,10.8,HandoverShowcase.ap2.wlan[0].mac.dcf.channelAccess.pendingQueue,incomingDataRate:vector
4685.0,10.9,HandoverShowcase.ap2.wlan[0].mac.dcf.channelAccess.pendingQueue,incomingDataRate:vector
4733.0,11.0,HandoverShowcase.ap2.wlan[0].mac.dcf.channelAccess.pendingQueue,incomingDataRate:vector
4769.0,11.1,HandoverShowcase.ap2.wlan[0].mac.dcf.channelAccess.pendingQueue,incomingDataRate:vector
4817.0,11.2,HandoverShowcase.ap2.wlan[0].mac.dcf.channelAccess.pendingQueue,incomingDataRate:vector
4850.0,11.3,HandoverShowcase.ap2.wlan[0].mac.dcf.channelAccess.pendingQueue,incomingDataRate:vector
4888.0,11.4,HandoverShowcase.ap2.wlan[0].mac.dcf.channelAccess.pendingQueue,incomingDataRate:vector
4936.0,11.5,HandoverShowcase.ap2.wlan[0].mac.dcf.channelAccess.pendingQueue,incomingDataRate:vector
4972.0,11.6,HandoverShowcase.ap2.wlan[0].mac.dcf.channelAccess.pendingQueue,incomingDataRate:vector
5020.0,11.7,HandoverShowcase.ap2.wlan[0].mac.dcf.channelAccess.pendingQueue,incomingDataRate:vector
5053.0,11.8,HandoverShowcase.ap2.wlan[0].mac.dcf.channelAccess.pendingQueue,incomingDataRate:vector
5089.0,11.9,HandoverShowcase.ap2.wlan[0].mac.dcf.channelAccess.pendingQueue,incomingDataRate:vector
5137.0,12.0,HandoverShowcase.ap2.wlan[0].mac.dcf.channelAccess.pendingQueue,incomingDataRate:vector
5173.0,12.1,HandoverShowcase.ap2.wlan[0].mac.dcf.channelAccess.pendingQueue,incomingDataRate:vector
5221.0,12.2,HandoverShowcase.ap2.wlan[0].mac.dcf.channelAccess.pendingQueue,incomingDataRate:vector
5254.0,12.3,HandoverShowcase.ap2.wlan[0].mac.dcf.channelAccess.pendingQueue,incomingDataRate:vector
5290.0,12.4,HandoverShowcase.ap2.wlan[0].mac.dcf.channelAccess.pendingQueue,incomingDataRate:vector
5338.0,12.5,HandoverShowcase.ap2.wlan[0].mac.dcf.channelAccess.pendingQueue,incomingDataRate:vector
5376.0,12.6,HandoverShowcase.ap2.wlan[0].mac.dcf.channelAccess.pendingQueue,incomingDataRate:vector
5424.0,12.7,HandoverShowcase.ap2.wlan[0].mac.dcf.channelAccess.pendingQueue,incomingDataRate:vector
5457.0,12.8,HandoverShowcase.ap2.wlan[0].mac.dcf.channelAccess.pendingQueue,incomingDataRate:vector
5493.0,12.9,HandoverShowcase.ap2.wlan[0].mac.dcf.channelAccess.pendingQueue,incomingDataRate:vector
5541.0,13.0,HandoverShowcase.ap2.wlan[0].mac.dcf.channelAccess.pendingQueue,incomingDataRate:vector
5577.0,13.1,HandoverShowcase.ap2.wlan[0].mac.dcf.channelAccess.pendingQueue,incomingDataRate:vector
5625.0,13.2,HandoverShowcase.ap2.wlan[0].mac.dcf.channelAccess.pendingQueue,incomingDataRate:vector
5658.0,13.3,HandoverShowcase.ap2.wlan[0].mac.dcf.channelAccess.pendingQueue,incomingDataRate:vector
5694.0,13.4,HandoverShowcase.ap2.wlan[0].mac.dcf.channelAccess.pendingQueue,incomingDataRate:vector
5742.0,13.5,HandoverShowcase.ap2.wlan[0].mac.dcf.channelAccess.pendingQueue,incomingDataRate:vector
5778.0,13.6,HandoverShowcase.ap2.wlan[0].mac.dcf.channelAccess.pendingQueue,incomingDataRate:vector
5826.0,13.7,HandoverShowcase.ap2.wlan[0].mac.dcf.channelAccess.pendingQueue,incomingDataRate:vector
5859.0,13.8,HandoverShowcase.ap2.wlan[0].mac.dcf.channelAccess.pendingQueue,incomingDataRate:vector
5897.0,13.9,HandoverShowcase.ap2.wlan[0].mac.dcf.channelAccess.pendingQueue,incomingDataRate:vector
5945.0,14.0,HandoverShowcase.ap2.wlan[0].mac.dcf.channelAccess.pendingQueue,incomingDataRate:vector
5981.0,14.1,HandoverShowcase.ap2.wlan[0].mac.dcf.channelAccess.pendingQueue,incomingDataRate:vector
6029.0,14.2,HandoverShowcase.ap2.wlan[0].mac.dcf.channelAccess.pendingQueue,incomingDataRate:vector
6062.0,14.3,HandoverShowcase.ap2.wlan[0].mac.dcf.channelAccess.pendingQueue,incomingDataRate:vector
6098.0,14.4,HandoverShowcase.ap2.wlan[0].mac.dcf.channelAccess.pendingQueue,incomingDataRate:vector
6146.0,14.5,HandoverShowcase.ap2.wlan[0].mac.dcf.channelAccess.pendingQueue,incomingDataRate:vector
6182.0,14.6,HandoverShowcase.ap2.wlan[0].mac.dcf.channelAccess.pendingQueue,incomingDataRate:vector
6230.0,14.7,HandoverShowcase.ap2.wlan[0].mac.dcf.channelAccess.pendingQueue,incomingDataRate:vector
6263.0,14.8,HandoverShowcase.ap2.wlan[0].mac.dcf.channelAccess.pendingQueue,incomingDataRate:vector
6299.0,14.9,HandoverShowcase.ap2.wlan[0].mac.dcf.channelAccess.pendingQueue,incomingDataRate:vector
6347.0,15.0,HandoverShowcase.ap2.wlan[0].mac.dcf.channelAccess.pendingQueue,incomingDataRate:vector
6385.0,15.1,HandoverShowcase.ap2.wlan[0].mac.dcf.channelAccess.pendingQueue,incomingDataRate:vector
6433.0,15.2,HandoverShowcase.ap2.wlan[0].mac.dcf.channelAccess.pendingQueue,incomingDataRate:vector
6466.0,15.3,HandoverShowcase.ap2.wlan[0].mac.dcf.channelAccess.pendingQueue,incomingDataRate:vector
6502.0,15.4,HandoverShowcase.ap2.wlan[0].mac.dcf.channelAccess.pendingQueue,incomingDataRate:vector
6550.0,15.5,HandoverShowcase.ap2.wlan[0].mac.dcf.channelAccess.pendingQueue,incomingDataRate:vector
6586.0,15.6,HandoverShowcase.ap2.wlan[0].mac.dcf.channelAccess.pendingQueue,incomingDataRate:vector
6634.0,15.7,HandoverShowcase.ap2.wlan[0].mac.dcf.channelAccess.pendingQueue,incomingDataRate:vector
6667.0,15.8,HandoverShowcase.ap2.wlan[0].mac.dcf.channelAccess.pendingQueue,incomingDataRate:vector
6703.0,15.9,HandoverShowcase.ap2.wlan[0].mac.dcf.channelAccess.pendingQueue,incomingDataRate:vector
6751.0,16.0,HandoverShowcase.ap2.wlan[0].mac.dcf.channelAccess.pendingQueue,incomingDataRate:vector
6787.0,16.1,HandoverShowcase.ap2.wlan[0].mac.dcf.channelAccess.pendingQueue,incomingDataRate:vector
6835.0,16.2,HandoverShowcase.ap2.wlan[0].mac.dcf.channelAccess.pendingQueue,incomingDataRate:vector
6868.0,16.3,HandoverShowcase.ap2.wlan[0].mac.dcf.channelAccess.pendingQueue,incomingDataRate:vector
6906.0,16.4,HandoverShowcase.ap2.wlan[0].mac.dcf.channelAccess.pendingQueue,incomingDataRate:vector
6954.0,16.5,HandoverShowcase.ap2.wlan[0].mac.dcf.channelAccess.pendingQueue,incomingDataRate:vector
6990.0,16.6,HandoverShowcase.ap2.wlan[0].mac.dcf.channelAccess.pendingQueue,incomingDataRate:vector
7038.0,16.7,HandoverShowcase.ap2.wlan[0].mac.dcf.channelAccess.pendingQueue,incomingDataRate:vector
7071.0,16.8,HandoverShowcase.ap2.wlan[0].mac.dcf.channelAccess.pendingQueue,incomingDataRate:vector
7107.0,16.9,HandoverShowcase.ap2.wlan[0].mac.dcf.channelAccess.pendingQueue,incomingDataRate:vector
7155.0,17.0,HandoverShowcase.ap2.wlan[0].mac.dcf.channelAccess.pendingQueue,incomingDataRate:vector
7191.0,17.1,HandoverShowcase.ap2.wlan[0].mac.dcf.channelAccess.pendingQueue,incomingDataRate:vector
7239.0,17.2,HandoverShowcase.ap2.wlan[0].mac.dcf.channelAccess.pendingQueue,incomingDataRate:vector
7272.0,17.3,HandoverShowcase.ap2.wlan[0].mac.dcf.channelAccess.pendingQueue,incomingDataRate:vector
7308.0,17.4,HandoverShowcase.ap2.wlan[0].mac.dcf.channelAccess.pendingQueue,incomingDataRate:vector
7356.0,17.5,HandoverShowcase.ap2.wlan[0].mac.dcf.channelAccess.pendingQueue,incomingDataRate:vector
7394.0,17.6,HandoverShowcase.ap2.wlan[0].mac.dcf.channelAccess.pendingQueue,incomingDataRate:vector
7442.0,17.7,HandoverShowcase.ap2.wlan[0].mac.dcf.channelAccess.pendingQueue,incomingDataRate:vector
7475.0,17.8,HandoverShowcase.ap2.wlan[0].mac.dcf.channelAccess.pendingQueue,incomingDataRate:vector
7511.0,17.9,HandoverShowcase.ap2.wlan[0].mac.dcf.channelAccess.pendingQueue,incomingDataRate:vector
7559.0,18.0,HandoverShowcase.ap2.wlan[0].mac.dcf.channelAccess.pendingQueue,incomingDataRate:vector
7595.0,18.1,HandoverShowcase.ap2.wlan[0].mac.dcf.channelAccess.pendingQueue,incomingDataRate:vector
7643.0,18.2,HandoverShowcase.ap2.wlan[0].mac.dcf.channelAccess.pendingQueue,incomingDataRate:vector
7676.0,18.3,HandoverShowcase.ap2.wlan[0].mac.dcf.channelAccess.pendingQueue,incomingDataRate:vector
7712.0,18.4,HandoverShowcase.ap2.wlan[0].mac.dcf.channelAccess.pendingQueue,incomingDataRate:vector
7760.0,18.5,HandoverShowcase.ap2.wlan[0].mac.dcf.channelAccess.pendingQueue,incomingDataRate:vector
7796.0,18.6,HandoverShowcase.ap2.wlan[0].mac.dcf.channelAccess.pendingQueue,incomingDataRate:vector
7844.0,18.7,HandoverShowcase.ap2.wlan[0].mac.dcf.channelAccess.pendingQueue,incomingDataRate:vector
7877.0,18.8,HandoverShowcase.ap2.wlan[0].mac.dcf.channelAccess.pendingQueue,incomingDataRate:vector
7915.0,18.9,HandoverShowcase.ap2.wlan[0].mac.dcf.channelAccess.pendingQueue,incomingDataRate:vector
7963.0,19.0,HandoverShowcase.ap2.wlan[0].mac.dcf.channelAccess.pendingQueue,incomingDataRate:vector
7999.0,19.1,HandoverShowcase.ap2.wlan[0].mac.dcf.channelAccess.pendingQueue,incomingDataRate:vector
8047.0,19.2,HandoverShowcase.ap2.wlan[0].mac.dcf.channelAccess.pendingQueue,incomingDataRate:vector
8080.0,19.3,HandoverShowcase.ap2.wlan[0].mac.dcf.channelAccess.pendingQueue,incomingDataRate:vector
8116.0,19.4,HandoverShowcase.ap2.wlan[0].mac.dcf.channelAccess.pendingQueue,incomingDataRate:vector
8164.0,19.5,HandoverShowcase.ap2.wlan[0].mac.dcf.channelAccess.pendingQueue,incomingDataRate:vector
8200.0,19.6,HandoverShowcase.ap2.wlan[0].mac.dcf.channelAccess.pendingQueue,incomingDataRate:vector
8248.0,19.7,HandoverShowcase.ap2.wlan[0].mac.dcf.channelAccess.pendingQueue,incomingDataRate:vector
8281.0,19.8,HandoverShowcase.ap2.wlan[0].mac.dcf.channelAccess.pendingQueue,incomingDataRate:vector
8317.0,19.9,HandoverShowcase.ap2.wlan[0].mac.dcf.channelAccess.pendingQueue,incomingDataRate:vector
8365.0,20.0,HandoverShowcase.ap2.wlan[0].mac.dcf.channelAccess.pendingQueue,incomingDataRate:vector
8403.0,20.1,HandoverShowcase.ap2.wlan[0].mac.dcf.channelAccess.pendingQueue,incomingDataRate:vector
8451.0,20.2,HandoverShowcase.ap2.wlan[0].mac.dcf.channelAccess.pendingQueue,incomingDataRate:vector
8484.0,20.3,HandoverShowcase.ap2.wlan[0].mac.dcf.channelAccess.pendingQueue,incomingDataRate:vector
8520.0,20.4,HandoverShowcase.ap2.wlan[0].mac.dcf.channelAccess.pendingQueue,incomingDataRate:vector
8568.0,20.5,HandoverShowcase.ap2.wlan[0].mac.dcf.channelAccess.pendingQueue,incomingDataRate:vector
8604.0,20.6,HandoverShowcase.ap2.wlan[0].mac.dcf.channelAccess.pendingQueue,incomingDataRate:vector
8652.0,20.7,HandoverShowcase.ap2.wlan[0].mac.dcf.channelAccess.pendingQueue,incomingDataRate:vector
8685.0,20.8,HandoverShowcase.ap2.wlan[0].mac.dcf.channelAccess.pendingQueue,incomingDataRate:vector
8721.0,20.9,HandoverShowcase.ap2.wlan[0].mac.dcf.channelAccess.pendingQueue,incomingDataRate:vector
8769.0,21.0,HandoverShowcase.ap2.wlan[0].mac.dcf.channelAccess.pendingQueue,incomingDataRate:vector
8805.0,21.1,HandoverShowcase.ap2.wlan[0].mac.dcf.channelAccess.pendingQueue,incomingDataRate:vector
8853.0,21.2,HandoverShowcase.ap2.wlan[0].mac.dcf.channelAccess.pendingQueue,incomingDataRate:vector
8886.0,21.3,HandoverShowcase.ap2.wlan[0].mac.dcf.channelAccess.pendingQueue,incomingDataRate:vector
8924.0,21.4,HandoverShowcase.ap2.wlan[0].mac.dcf.channelAccess.pendingQueue,incomingDataRate:vector
8972.0,21.5,HandoverShowcase.ap2.wlan[0].mac.dcf.channelAccess.pendingQueue,incomingDataRate:vector
9008.0,21.6,HandoverShowcase.ap2.wlan[0].mac.dcf.channelAccess.pendingQueue,incomingDataRate:vector
9056.0,21.7,HandoverShowcase.ap2.wlan[0].mac.dcf.channelAccess.pendingQueue,incomingDataRate:vector
9089.0,21.8,HandoverShowcase.ap2.wlan[0].mac.dcf.channelAccess.pendingQueue,incomingDataRate:vector
9125.0,21.9,HandoverShowcase.ap2.wlan[0].mac.dcf.channelAccess.pendingQueue,incomingDataRate:vector
9173.0,22.0,HandoverShowcase.ap2.wlan[0].mac.dcf.channelAccess.pendingQueue,incomingDataRate:vector
9209.0,22.1,HandoverShowcase.ap2.wlan[0].mac.dcf.channelAccess.pendingQueue,incomingDataRate:vector
9257.0,22.2,HandoverShowcase.ap2.wlan[0].mac.dcf.channelAccess.pendingQueue,incomingDataRate:vector
9290.0,22.3,HandoverShowcase.ap2.wlan[0].mac.dcf.channelAccess.pendingQueue,incomingDataRate:vector
9326.0,22.4,HandoverShowcase.ap2.wlan[0].mac.dcf.channelAccess.pendingQueue,incomingDataRate:vector
9374.0,22.5,HandoverShowcase.ap2.wlan[0].mac.dcf.channelAccess.pendingQueue,incomingDataRate:vector
9412.0,22.6,HandoverShowcase.ap2.wlan[0].mac.dcf.channelAccess.pendingQueue,incomingDataRate:vector
9460.0,22.7,HandoverShowcase.ap2.wlan[0].mac.dcf.channelAccess.pendingQueue,incomingDataRate:vector
9493.0,22.8,HandoverShowcase.ap2.wlan[0].mac.dcf.channelAccess.pendingQueue,incomingDataRate:vector
9529.0,22.9,HandoverShowcase.ap2.wlan[0].mac.dcf.channelAccess.pendingQueue,incomingDataRate:vector
9577.0,23.0,HandoverShowcase.ap2.wlan[0].mac.dcf.channelAccess.pendingQueue,incomingDataRate:vector
9613.0,23.1,HandoverShowcase.ap2.wlan[0].mac.dcf.channelAccess.pendingQueue,incomingDataRate:vector
9661.0,23.2,HandoverShowcase.ap2.wlan[0].mac.dcf.channelAccess.pendingQueue,incomingDataRate:vector
9694.0,23.3,HandoverShowcase.ap2.wlan[0].mac.dcf.channelAccess.pendingQueue,incomingDataRate:vector
9730.0,23.4,HandoverShowcase.ap2.wlan[0].mac.dcf.channelAccess.pendingQueue,incomingDataRate:vector
9778.0,23.5,HandoverShowcase.ap2.wlan[0].mac.dcf.channelAccess.pendingQueue,incomingDataRate:vector
9814.0,23.6,HandoverShowcase.ap2.wlan[0].mac.dcf.channelAccess.pendingQueue,incomingDataRate:vector
9862.0,23.7,HandoverShowcase.ap2.wlan[0].mac.dcf.channelAccess.pendingQueue,incomingDataRate:vector
9895.0,23.8,HandoverShowcase.ap2.wlan[0].mac.dcf.channelAccess.pendingQueue,incomingDataRate:vector
9933.0,23.9,HandoverShowcase.ap2.wlan[0].mac.dcf.channelAccess.pendingQueue,incomingDataRate:vector
9981.0,24.0,HandoverShowcase.ap2.wlan[0].mac.dcf.channelAccess.pendingQueue,incomingDataRate:vector
10017.0,24.1,HandoverShowcase.ap2.wlan[0].mac.dcf.channelAccess.pendingQueue,incomingDataRate:vector
10065.0,24.2,HandoverShowcase.ap2.wlan[0].mac.dcf.channelAccess.pendingQueue,incomingDataRate:vector
10098.0,24.3,HandoverShowcase.ap2.wlan[0].mac.dcf.channelAccess.pendingQueue,incomingDataRate:vector
10134.0,24.4,HandoverShowcase.ap2.wlan[0].mac.dcf.channelAccess.pendingQueue,incomingDataRate:vector
10182.0,24.5,HandoverShowcase.ap2.wlan[0].mac.dcf.channelAccess.pendingQueue,incomingDataRate:vector
10218.0,24.6,HandoverShowcase.ap2.wlan[0].mac.dcf.channelAccess.pendingQueue,incomingDataRate:vector
10266.0,24.7,HandoverShowcase.ap2.wlan[0].mac.dcf.channelAccess.pendingQueue,incomingDataRate:vector
10299.0,24.8,HandoverShowcase.ap2.wlan[0].mac.dcf.channelAccess.pendingQueue,incomingDataRate:vector
10335.0,24.9,HandoverShowcase.ap2.wlan[0].mac.dcf.channelAccess.pendingQueue,incomingDataRate:vector
10383.0,25.0,HandoverShowcase.ap2.wlan[0].mac.dcf.channelAccess.pendingQueue,incomingDataRate:vector
10421.0,25.1,HandoverShowcase.ap2.wlan[0].mac.dcf.channelAccess.pendingQueue,incomingDataRate:vector
10469.0,25.2,HandoverShowcase.ap2.wlan[0].mac.dcf.channelAccess.pendingQueue,incomingDataRate:vector
10502.0,25.3,HandoverShowcase.ap2.wlan[0].mac.dcf.channelAccess.pendingQueue,incomingDataRate:vector
10538.0,25.4,HandoverShowcase.ap2.wlan[0].mac.dcf.channelAccess.pendingQueue,incomingDataRate:vector
10586.0,25.5,HandoverShowcase.ap2.wlan[0].mac.dcf.channelAccess.pendingQueue,incomingDataRate:vector
10622.0,25.6,HandoverShowcase.ap2.wlan[0].mac.dcf.channelAccess.pendingQueue,incomingDataRate:vector
10670.0,25.7,HandoverShowcase.ap2.wlan[0].mac.dcf.channelAccess.pendingQueue,incomingDataRate:vector
10703.0,25.8,HandoverShowcase.ap2.wlan[0].mac.dcf.channelAccess.pendingQueue,incomingDataRate:vector
10739.0,25.9,HandoverShowcase.ap2.wlan[0].mac.dcf.channelAccess.pendingQueue,incomingDataRate:vector
10787.0,26.0,HandoverShowcase.ap2.wlan[0].mac.dcf.channelAccess.pendingQueue,incomingDataRate:vector
10823.0,26.1,HandoverShowcase.ap2.wlan[0].mac.dcf.channelAccess.pendingQueue,incomingDataRate:vector
10871.0,26.2,HandoverShowcase.ap2.wlan[0].mac.dcf.channelAccess.pendingQueue,incomingDataRate:vector
10904.0,26.3,HandoverShowcase.ap2.wlan[0].mac.dcf.channelAccess.pendingQueue,incomingDataRate:vector
10942.0,26.4,HandoverShowcase.ap2.wlan[0].mac.dcf.channelAccess.pendingQueue,incomingDataRate:vector
10990.0,26.5,HandoverShowcase.ap2.wlan[0].mac.dcf.channelAccess.pendingQueue,incomingDataRate:vector
11026.0,26.6,HandoverShowcase.ap2.wlan[0].mac.dcf.channelAccess.pendingQueue,incomingDataRate:vector
11074.0,26.7,HandoverShowcase.ap2.wlan[0].mac.dcf.channelAccess.pendingQueue,incomingDataRate:vector
11107.0,26.8,HandoverShowcase.ap2.wlan[0].mac.dcf.channelAccess.pendingQueue,incomingDataRate:vector
11143.0,26.9,HandoverShowcase.ap2.wlan[0].mac.dcf.channelAccess.pendingQueue,incomingDataRate:vector
11191.0,27.0,HandoverShowcase.ap2.wlan[0].mac.dcf.channelAccess.pendingQueue,incomingDataRate:vector
11227.0,27.1,HandoverShowcase.ap2.wlan[0].mac.dcf.channelAccess.pendingQueue,incomingDataRate:vector
11275.0,27.2,HandoverShowcase.ap2.wlan[0].mac.dcf.channelAccess.pendingQueue,incomingDataRate:vector
11308.0,27.3,HandoverShowcase.ap2.wlan[0].mac.dcf.channelAccess.pendingQueue,incomingDataRate:vector
11344.0,27.4,HandoverShowcase.ap2.wlan[0].mac.dcf.channelAccess.pendingQueue,incomingDataRate:vector
11392.0,27.5,HandoverShowcase.ap2.wlan[0].mac.dcf.channelAccess.pendingQueue,incomingDataRate:vector
11430.0,27.6,HandoverShowcase.ap2.wlan[0].mac.dcf.channelAccess.pendingQueue,incomingDataRate:vector
11478.0,27.7,HandoverShowcase.ap2.wlan[0].mac.dcf.channelAccess.pendingQueue,incomingDataRate:vector
11511.0,27.8,HandoverShowcase.ap2.wlan[0].mac.dcf.channelAccess.pendingQueue,incomingDataRate:vector
11547.0,27.9,HandoverShowcase.ap2.wlan[0].mac.dcf.channelAccess.pendingQueue,incomingDataRate:vector
11595.0,28.0,HandoverShowcase.ap2.wlan[0].mac.dcf.channelAccess.pendingQueue,incomingDataRate:vector
11631.0,28.1,HandoverShowcase.ap2.wlan[0].mac.dcf.channelAccess.pendingQueue,incomingDataRate:vector
11679.0,28.2,HandoverShowcase.ap2.wlan[0].mac.dcf.channelAccess.pendingQueue,incomingDataRate:vector
11712.0,28.3,HandoverShowcase.ap2.wlan[0].mac.dcf.channelAccess.pendingQueue,incomingDataRate:vector
11748.0,28.4,HandoverShowcase.ap2.wlan[0].mac.dcf.channelAccess.pendingQueue,incomingDataRate:vector
11796.0,28.5,HandoverShowcase.ap2.wlan[0].mac.dcf.channelAccess.pendingQueue,incomingDataRate:vector
11832.0,28.6,HandoverShowcase.ap2.wlan[0].mac.dcf.channelAccess.pendingQueue,incomingDataRate:vector
11880.0,28.7,HandoverShowcase.ap2.wlan[0].mac.dcf.channelAccess.pendingQueue,incomingDataRate:vector
11911.0,28.8,HandoverShowcase.ap2.wlan[0].mac.dcf.channelAccess.pendingQueue,incomingDataRate:vector
11947.0,28.9,HandoverShowcase.ap2.wlan[0].mac.dcf.channelAccess.pendingQueue,incomingDataRate:vector
11993.0,29.0,HandoverShowcase.ap2.wlan[0].mac.dcf.channelAccess.pendingQueue,incomingDataRate:vector
12031.0,29.1,HandoverShowcase.ap2.wlan[0].mac.dcf.channelAccess.pendingQueue,incomingDataRate:vector
12092.0,29.2,HandoverShowcase.ap2.wlan[0].mac.dcf.channelAccess.pendingQueue,incomingDataRate:vector
12126.0,29.3,HandoverShowcase.ap2.wlan[0].mac.dcf.channelAccess.pendingQueue,incomingDataRate:vector
12175.0,29.4,HandoverShowcase.ap2.wlan[0].mac.dcf.channelAccess.pendingQueue,incomingDataRate:vector
12221.0,29.5,HandoverShowcase.ap2.wlan[0].mac.dcf.channelAccess.pendingQueue,incomingDataRate:vector
12258.0,29.6,HandoverShowcase.ap2.wlan[0].mac.dcf.channelAccess.pendingQueue,incomingDataRate:vector
12319.0,29.7,HandoverShowcase.ap2.wlan[0].mac.dcf.channelAccess.pendingQueue,incomingDataRate:vector
12353.0,29.8,HandoverShowcase.ap2.wlan[0].mac.dcf.channelAccess.pendingQueue,incomingDataRate:vector
12436.0,29.9,HandoverShowcase.ap2.wlan[0].mac.dcf.channelAccess.pendingQueue,incomingDataRate:vector
12484.0,30.0,HandoverShowcase.ap2.wlan[0].mac.dcf.channelAccess.pendingQueue,incomingDataRate:vector
12523.0,30.1,HandoverShowcase.ap2.wlan[0].mac.dcf.channelAccess.pendingQueue,incomingDataRate:vector
12574.0,30.2,HandoverShowcase.ap2.wlan[0].mac.dcf.channelAccess.pendingQueue,incomingDataRate:vector
12620.0,30.3,HandoverShowcase.ap2.wlan[0].mac.dcf.channelAccess.pendingQueue,incomingDataRate:vector
12654.0,30.4,HandoverShowcase.ap2.wlan[0].mac.dcf.channelAccess.pendingQueue,incomingDataRate:vector
12890.0,30.5,HandoverShowcase.ap2.wlan[0].mac.dcf.channelAccess.pendingQueue,incomingDataRate:vector
12926.0,30.6,HandoverShowcase.ap2.wlan[0].mac.dcf.channelAccess.pendingQueue,incomingDataRate:vector
12974.0,30.7,HandoverShowcase.ap2.wlan[0].mac.dcf.channelAccess.pendingQueue,incomingDataRate:vector
13007.0,30.8,HandoverShowcase.ap2.wlan[0].mac.dcf.channelAccess.pendingQueue,incomingDataRate:vector
13043.0,30.9,HandoverShowcase.ap2.wlan[0].mac.dcf.channelAccess.pendingQueue,incomingDataRate:vector
13091.0,31.0,HandoverShowcase.ap2.wlan[0].mac.dcf.channelAccess.pendingQueue,incomingDataRate:vector
13127.0,31.1,HandoverShowcase.ap2.wlan[0].mac.dcf.channelAccess.pendingQueue,incomingDataRate:vector
13175.0,31.2,HandoverShowcase.ap2.wlan[0].mac.dcf.channelAccess.pendingQueue,incomingDataRate:vector
13208.0,31.3,HandoverShowcase.ap2.wlan[0].mac.dcf.channelAccess.pendingQueue,incomingDataRate:vector
13246.0,31.4,HandoverShowcase.ap2.wlan[0].mac.dcf.channelAccess.pendingQueue,incomingDataRate:vector
13294.0,31.5,HandoverShowcase.ap2.wlan[0].mac.dcf.channelAccess.pendingQueue,incomingDataRate:vector
13330.0,31.6,HandoverShowcase.ap2.wlan[0].mac.dcf.channelAccess.pendingQueue,incomingDataRate:vector
13378.0,31.7,HandoverShowcase.ap2.wlan[0].mac.dcf.channelAccess.pendingQueue,incomingDataRate:vector
13411.0,31.8,HandoverShowcase.ap2.wlan[0].mac.dcf.channelAccess.pendingQueue,incomingDataRate:vector
13447.0,31.9,HandoverShowcase.ap2.wlan[0].mac.dcf.channelAccess.pendingQueue,incomingDataRate:vector
13495.0,32.0,HandoverShowcase.ap2.wlan[0].mac.dcf.channelAccess.pendingQueue,incomingDataRate:vector
13531.0,32.1,HandoverShowcase.ap2.wlan[0].mac.dcf.channelAccess.pendingQueue,incomingDataRate:vector
13579.0,32.2,HandoverShowcase.ap2.wlan[0].mac.dcf.channelAccess.pendingQueue,incomingDataRate:vector
13612.0,32.3,HandoverShowcase.ap2.wlan[0].mac.dcf.channelAccess.pendingQueue,incomingDataRate:vector
13648.0,32.4,HandoverShowcase.ap2.wlan[0].mac.dcf.channelAccess.pendingQueue,incomingDataRate:vector
13696.0,32.5,HandoverShowcase.ap2.wlan[0].mac.dcf.channelAccess.pendingQueue,incomingDataRate:vector
13734.0,32.6,HandoverShowcase.ap2.wlan[0].mac.dcf.channelAccess.pendingQueue,incomingDataRate:vector
13782.0,32.7,HandoverShowcase.ap2.wlan[0].mac.dcf.channelAccess.pendingQueue,incomingDataRate:vector
13815.0,32.8,HandoverShowcase.ap2.wlan[0].mac.dcf.channelAccess.pendingQueue,incomingDataRate:vector
13851.0,32.9,HandoverShowcase.ap2.wlan[0].mac.dcf.channelAccess.pendingQueue,incomingDataRate:vector
13899.0,33.0,HandoverShowcase.ap2.wlan[0].mac.dcf.channelAccess.pendingQueue,incomingDataRate:vector
13935.0,33.1,HandoverShowcase.ap2.wlan[0].mac.dcf.channelAccess.pendingQueue,incomingDataRate:vector
13983.0,33.2,HandoverShowcase.ap2.wlan[0].mac.dcf.channelAccess.pendingQueue,incomingDataRate:vector
14016.0,33.3,HandoverShowcase.ap2.wlan[0].mac.dcf.channelAccess.pendingQueue,incomingDataRate:vector
14052.0,33.4,HandoverShowcase.ap2.wlan[0].mac.dcf.channelAccess.pendingQueue,incomingDataRate:vector
14100.0,33.5,HandoverShowcase.ap2.wlan[0].mac.dcf.channelAccess.pendingQueue,incomingDataRate:vector
14136.0,33.6,HandoverShowcase.ap2.wlan[0].mac.dcf.channelAccess.pendingQueue,incomingDataRate:vector
14184.0,33.7,HandoverShowcase.ap2.wlan[0].mac.dcf.channelAccess.pendingQueue,incomingDataRate:vector
14217.0,33.8,HandoverShowcase.ap2.wlan[0].mac.dcf.channelAccess.pendingQueue,incomingDataRate:vector
14255.0,33.9,HandoverShowcase.ap2.wlan[0].mac.dcf.channelAccess.pendingQueue,incomingDataRate:vector
14303.0,34.0,HandoverShowcase.ap2.wlan[0].mac.dcf.channelAccess.pendingQueue,incomingDataRate:vector
14339.0,34.1,HandoverShowcase.ap2.wlan[0].mac.dcf.channelAccess.pendingQueue,incomingDataRate:vector
14387.0,34.2,HandoverShowcase.ap2.wlan[0].mac.dcf.channelAccess.pendingQueue,incomingDataRate:vector
14420.0,34.3,HandoverShowcase.ap2.wlan[0].mac.dcf.channelAccess.pendingQueue,incomingDataRate:vector
14456.0,34.4,HandoverShowcase.ap2.wlan[0].mac.dcf.channelAccess.pendingQueue,incomingDataRate:vector
14504.0,34.5,HandoverShowcase.ap2.wlan[0].mac.dcf.channelAccess.pendingQueue,incomingDataRate:vector
14540.0,34.6,HandoverShowcase.ap2.wlan[0].mac.dcf.channelAccess.pendingQueue,incomingDataRate:vector
14588.0,34.7,HandoverShowcase.ap2.wlan[0].mac.dcf.channelAccess.pendingQueue,incomingDataRate:vector
14621.0,34.8,HandoverShowcase.ap2.wlan[0].mac.dcf.channelAccess.pendingQueue,incomingDataRate:vector
14657.0,34.9,HandoverShowcase.ap2.wlan[0].mac.dcf.channelAccess.pendingQueue,incomingDataRate:vector
14705.0,35.0,HandoverShowcase.ap2.wlan[0].mac.dcf.channelAccess.pendingQueue,incomingDataRate:vector
14743.0,35.1,HandoverShowcase.ap2.wlan[0].mac.dcf.channelAccess.pendingQueue,incomingDataRate:vector
14791.0,35.2,HandoverShowcase.ap2.wlan[0].mac.dcf.channelAccess.pendingQueue,incomingDataRate:vector
14824.0,35.3,HandoverShowcase.ap2.wlan[0].mac.dcf.channelAccess.pendingQueue,incomingDataRate:vector
14860.0,35.4,HandoverShowcase.ap2.wlan[0].mac.dcf.channelAccess.pendingQueue,incomingDataRate:vector
14908.0,35.5,HandoverShowcase.ap2.wlan[0].mac.dcf.channelAccess.pendingQueue,incomingDataRate:vector
14944.0,35.6,HandoverShowcase.ap2.wlan[0].mac.dcf.channelAccess.pendingQueue,incomingDataRate:vector
14992.0,35.7,HandoverShowcase.ap2.wlan[0].mac.dcf.channelAccess.pendingQueue,incomingDataRate:vector
15025.0,35.8,HandoverShowcase.ap2.wlan[0].mac.dcf.channelAccess.pendingQueue,incomingDataRate:vector
15061.0,35.9,HandoverShowcase.ap2.wlan[0].mac.dcf.channelAccess.pendingQueue,incomingDataRate:vector
15109.0,36.0,HandoverShowcase.ap2.wlan[0].mac.dcf.channelAccess.pendingQueue,incomingDataRate:vector
15145.0,36.1,HandoverShowcase.ap2.wlan[0].mac.dcf.channelAccess.pendingQueue,incomingDataRate:vector
15193.0,36.2,HandoverShowcase.ap2.wlan[0].mac.dcf.channelAccess.pendingQueue,incomingDataRate:vector
15226.0,36.3,HandoverShowcase.ap2.wlan[0].mac.dcf.channelAccess.pendingQueue,incomingDataRate:vector
15264.0,36.4,HandoverShowcase.ap2.wlan[0].mac.dcf.channelAccess.pendingQueue,incomingDataRate:vector
15312.0,36.5,HandoverShowcase.ap2.wlan[0].mac.dcf.channelAccess.pendingQueue,incomingDataRate:vector
15348.0,36.6,HandoverShowcase.ap2.wlan[0].mac.dcf.channelAccess.pendingQueue,incomingDataRate:vector
15396.0,36.7,HandoverShowcase.ap2.wlan[0].mac.dcf.channelAccess.pendingQueue,incomingDataRate:vector
15429.0,36.8,HandoverShowcase.ap2.wlan[0].mac.dcf.channelAccess.pendingQueue,incomingDataRate:vector
15465.0,36.9,HandoverShowcase.ap2.wlan[0].mac.dcf.channelAccess.pendingQueue,incomingDataRate:vector
15513.0,37.0,HandoverShowcase.ap2.wlan[0].mac.dcf.channelAccess.pendingQueue,incomingDataRate:vector
15549.0,37.1,HandoverShowcase.ap2.wlan[0].mac.dcf.channelAccess.pendingQueue,incomingDataRate:vector
15597.0,37.2,HandoverShowcase.ap2.wlan[0].mac.dcf.channelAccess.pendingQueue,incomingDataRate:vector
15630.0,37.3,HandoverShowcase.ap2.wlan[0].mac.dcf.channelAccess.pendingQueue,incomingDataRate:vector
15666.0,37.4,HandoverShowcase.ap2.wlan[0].mac.dcf.channelAccess.pendingQueue,incomingDataRate:vector
15714.0,37.5,HandoverShowcase.ap2.wlan[0].mac.dcf.channelAccess.pendingQueue,incomingDataRate:vector
15752.0,37.6,HandoverShowcase.ap2.wlan[0].mac.dcf.channelAccess.pendingQueue,incomingDataRate:vector
15800.0,37.7,HandoverShowcase.ap2.wlan[0].mac.dcf.channelAccess.pendingQueue,incomingDataRate:vector
15833.0,37.8,HandoverShowcase.ap2.wlan[0].mac.dcf.channelAccess.pendingQueue,incomingDataRate:vector
15869.0,37.9,HandoverShowcase.ap2.wlan[0].mac.dcf.channelAccess.pendingQueue,incomingDataRate:vector
15917.0,38.0,HandoverShowcase.ap2.wlan[0].mac.dcf.channelAccess.pendingQueue,incomingDataRate:vector
15953.0,38.1,HandoverShowcase.ap2.wlan[0].mac.dcf.channelAccess.pendingQueue,incomingDataRate:vector
16001.0,38.2,HandoverShowcase.ap2.wlan[0].mac.dcf.channelAccess.pendingQueue,incomingDataRate:vector
16034.0,38.3,HandoverShowcase.ap2.wlan[0].mac.dcf.channelAccess.pendingQueue,incomingDataRate:vector
16070.0,38.4,HandoverShowcase.ap2.wlan[0].mac.dcf.channelAccess.pendingQueue,incomingDataRate:vector
16118.0,38.5,HandoverShowcase.ap2.wlan[0].mac.dcf.channelAccess.pendingQueue,incomingDataRate:vector
16154.0,38.6,HandoverShowcase.ap2.wlan[0].mac.dcf.channelAccess.pendingQueue,incomingDataRate:vector
16202.0,38.7,HandoverShowcase.ap2.wlan[0].mac.dcf.channelAccess.pendingQueue,incomingDataRate:vector
16235.0,38.8,HandoverShowcase.ap2.wlan[0].mac.dcf.channelAccess.pendingQueue,incomingDataRate:vector
16273.0,38.9,HandoverShowcase.ap2.wlan[0].mac.dcf.channelAccess.pendingQueue,incomingDataRate:vector
16321.0,39.0,HandoverShowcase.ap2.wlan[0].mac.dcf.channelAccess.pendingQueue,incomingDataRate:vector
16357.0,39.1,HandoverShowcase.ap2.wlan[0].mac.dcf.channelAccess.pendingQueue,incomingDataRate:vector
16405.0,39.2,HandoverShowcase.ap2.wlan[0].mac.dcf.channelAccess.pendingQueue,incomingDataRate:vector
16438.0,39.3,HandoverShowcase.ap2.wlan[0].mac.dcf.channelAccess.pendingQueue,incomingDataRate:vector
16474.0,39.4,HandoverShowcase.ap2.wlan[0].mac.dcf.channelAccess.pendingQueue,incomingDataRate:vector
16522.0,39.5,HandoverShowcase.ap2.wlan[0].mac.dcf.channelAccess.pendingQueue,incomingDataRate:vector
16558.0,39.6,HandoverShowcase.ap2.wlan[0].mac.dcf.channelAccess.pendingQueue,incomingDataRate:vector
16606.0,39.7,HandoverShowcase.ap2.wlan[0].mac.dcf.channelAccess.pendingQueue,incomingDataRate:vector
16639.0,39.8,HandoverShowcase.ap2.wlan[0].mac.dcf.channelAccess.pendingQueue,incomingDataRate:vector
16675.0,39.9,HandoverShowcase.ap2.wlan[0].mac.dcf.channelAccess.pendingQueue,incomingDataRate:vector
16723.0,40.0,HandoverShowcase.ap2.wlan[0].mac.dcf.channelAccess.pendingQueue,incomingDataRate:vector
16761.0,40.1,HandoverShowcase.ap2.wlan[0].mac.dcf.channelAccess.pendingQueue,incomingDataRate:vector
16809.0,40.2,HandoverShowcase.ap2.wlan[0].mac.dcf.channelAccess.pendingQueue,incomingDataRate:vector
16842.0,40.3,HandoverShowcase.ap2.wlan[0].mac.dcf.channelAccess.pendingQueue,incomingDataRate:vector
16878.0,40.4,HandoverShowcase.ap2.wlan[0].mac.dcf.channelAccess.pendingQueue,incomingDataRate:vector
16926.0,40.5,HandoverShowcase.ap2.wlan[0].mac.dcf.channelAccess.pendingQueue,incomingDataRate:vector
16962.0,40.6,HandoverShowcase.ap2.wlan[0].mac.dcf.channelAccess.pendingQueue,incomingDataRate:vector
17010.0,40.7,HandoverShowcase.ap2.wlan[0].mac.dcf.channelAccess.pendingQueue,incomingDataRate:vector
17043.0,40.8,HandoverShowcase.ap2.wlan[0].mac.dcf.channelAccess.pendingQueue,incomingDataRate:vector
17079.0,40.9,HandoverShowcase.ap2.wlan[0].mac.dcf.channelAccess.pendingQueue,incomingDataRate:vector
17127.0,41.0,HandoverShowcase.ap2.wlan[0].mac.dcf.channelAccess.pendingQueue,incomingDataRate:vector
17163.0,41.1,HandoverShowcase.ap2.wlan[0].mac.dcf.channelAccess.pendingQueue,incomingDataRate:vector
17211.0,41.2,HandoverShowcase.ap2.wlan[0].mac.dcf.channelAccess.pendingQueue,incomingDataRate:vector
17244.0,41.3,HandoverShowcase.ap2.wlan[0].mac.dcf.channelAccess.pendingQueue,incomingDataRate:vector
17282.0,41.4,HandoverShowcase.ap2.wlan[0].mac.dcf.channelAccess.pendingQueue,incomingDataRate:vector
17330.0,41.5,HandoverShowcase.ap2.wlan[0].mac.dcf.channelAccess.pendingQueue,incomingDataRate:vector
17366.0,41.6,HandoverShowcase.ap2.wlan[0].mac.dcf.channelAccess.pendingQueue,incomingDataRate:vector
17414.0,41.7,HandoverShowcase.ap2.wlan[0].mac.dcf.channelAccess.pendingQueue,incomingDataRate:vector
17447.0,41.8,HandoverShowcase.ap2.wlan[0].mac.dcf.channelAccess.pendingQueue,incomingDataRate:vector
17483.0,41.9,HandoverShowcase.ap2.wlan[0].mac.dcf.channelAccess.pendingQueue,incomingDataRate:vector
17531.0,42.0,HandoverShowcase.ap2.wlan[0].mac.dcf.channelAccess.pendingQueue,incomingDataRate:vector
17567.0,42.1,HandoverShowcase.ap2.wlan[0].mac.dcf.channelAccess.pendingQueue,incomingDataRate:vector
17615.0,42.2,HandoverShowcase.ap2.wlan[0].mac.dcf.channelAccess.pendingQueue,incomingDataRate:vector
17648.0,42.3,HandoverShowcase.ap2.wlan[0].mac.dcf.channelAccess.pendingQueue,incomingDataRate:vector
17684.0,42.4,HandoverShowcase.ap2.wlan[0].mac.dcf.channelAccess.pendingQueue,incomingDataRate:vector
17732.0,42.5,HandoverShowcase.ap2.wlan[0].mac.dcf.channelAccess.pendingQueue,incomingDataRate:vector
17770.0,42.6,HandoverShowcase.ap2.wlan[0].mac.dcf.channelAccess.pendingQueue,incomingDataRate:vector
17818.0,42.7,HandoverShowcase.ap2.wlan[0].mac.dcf.channelAccess.pendingQueue,incomingDataRate:vector
17851.0,42.8,HandoverShowcase.ap2.wlan[0].mac.dcf.channelAccess.pendingQueue,incomingDataRate:vector
17887.0,42.9,HandoverShowcase.ap2.wlan[0].mac.dcf.channelAccess.pendingQueue,incomingDataRate:vector
17935.0,43.0,HandoverShowcase.ap2.wlan[0].mac.dcf.channelAccess.pendingQueue,incomingDataRate:vector
17971.0,43.1,HandoverShowcase.ap2.wlan[0].mac.dcf.channelAccess.pendingQueue,incomingDataRate:vector
18019.0,43.2,HandoverShowcase.ap2.wlan[0].mac.dcf.channelAccess.pendingQueue,incomingDataRate:vector
18052.0,43.3,HandoverShowcase.ap2.wlan[0].mac.dcf.channelAccess.pendingQueue,incomingDataRate:vector
18088.0,43.4,HandoverShowcase.ap2.wlan[0].mac.dcf.channelAccess.pendingQueue,incomingDataRate:vector
18136.0,43.5,HandoverShowcase.ap2.wlan[0].mac.dcf.channelAccess.pendingQueue,incomingDataRate:vector
18172.0,43.6,HandoverShowcase.ap2.wlan[0].mac.dcf.channelAccess.pendingQueue,incomingDataRate:vector
18220.0,43.7,HandoverShowcase.ap2.wlan[0].mac.dcf.channelAccess.pendingQueue,incomingDataRate:vector
18253.0,43.8,HandoverShowcase.ap2.wlan[0].mac.dcf.channelAccess.pendingQueue,incomingDataRate:vector
18291.0,43.9,HandoverShowcase.ap2.wlan[0].mac.dcf.channelAccess.pendingQueue,incomingDataRate:vector
18339.0,44.0,HandoverShowcase.ap2.wlan[0].mac.dcf.channelAccess.pendingQueue,incomingDataRate:vector
18375.0,44.1,HandoverShowcase.ap2.wlan[0].mac.dcf.channelAccess.pendingQueue,incomingDataRate:vector
18423.0,44.2,HandoverShowcase.ap2.wlan[0].mac.dcf.channelAccess.pendingQueue,incomingDataRate:vector
18456.0,44.3,HandoverShowcase.ap2.wlan[0].mac.dcf.channelAccess.pendingQueue,incomingDataRate:vector
18492.0,44.4,HandoverShowcase.ap2.wlan[0].mac.dcf.channelAccess.pendingQueue,incomingDataRate:vector
18540.0,44.5,HandoverShowcase.ap2.wlan[0].mac.dcf.channelAccess.pendingQueue,incomingDataRate:vector
18576.0,44.6,HandoverShowcase.ap2.wlan[0].mac.dcf.channelAccess.pendingQueue,incomingDataRate:vector
18624.0,44.7,HandoverShowcase.ap2.wlan[0].mac.dcf.channelAccess.pendingQueue,incomingDataRate:vector
18657.0,44.8,HandoverShowcase.ap2.wlan[0].mac.dcf.channelAccess.pendingQueue,incomingDataRate:vector
18693.0,44.9,HandoverShowcase.ap2.wlan[0].mac.dcf.channelAccess.pendingQueue,incomingDataRate:vector
18741.0,45.0,HandoverShowcase.ap2.wlan[0].mac.dcf.channelAccess.pendingQueue,incomingDataRate:vector
18779.0,45.1,HandoverShowcase.ap2.wlan[0].mac.dcf.channelAccess.pendingQueue,incomingDataRate:vector
18827.0,45.2,HandoverShowcase.ap2.wlan[0].mac.dcf.channelAccess.pendingQueue,incomingDataRate:vector
18860.0,45.3,HandoverShowcase.ap2.wlan[0].mac.dcf.channelAccess.pendingQueue,incomingDataRate:vector
18896.0,45.4,HandoverShowcase.ap2.wlan[0].mac.dcf.channelAccess.pendingQueue,incomingDataRate:vector
18944.0,45.5,HandoverShowcase.ap2.wlan[0].mac.dcf.channelAccess.pendingQueue,incomingDataRate:vector
18980.0,45.6,HandoverShowcase.ap2.wlan[0].mac.dcf.channelAccess.pendingQueue,incomingDataRate:vector
19028.0,45.7,HandoverShowcase.ap2.wlan[0].mac.dcf.channelAccess.pendingQueue,incomingDataRate:vector
19061.0,45.8,HandoverShowcase.ap2.wlan[0].mac.dcf.channelAccess.pendingQueue,incomingDataRate:vector
19097.0,45.9,HandoverShowcase.ap2.wlan[0].mac.dcf.channelAccess.pendingQueue,incomingDataRate:vector
19147.0,46.0,HandoverShowcase.ap2.wlan[0].mac.dcf.channelAccess.pendingQueue,incomingDataRate:vector
19183.0,46.1,HandoverShowcase.ap2.wlan[0].mac.dcf.channelAccess.pendingQueue,incomingDataRate:vector
19231.0,46.2,HandoverShowcase.ap2.wlan[0].mac.dcf.channelAccess.pendingQueue,incomingDataRate:vector
19264.0,46.3,HandoverShowcase.ap2.wlan[0].mac.dcf.channelAccess.pendingQueue,incomingDataRate:vector
19302.0,46.4,HandoverShowcase.ap2.wlan[0].mac.dcf.channelAccess.pendingQueue,incomingDataRate:vector
19350.0,46.5,HandoverShowcase.ap2.wlan[0].mac.dcf.channelAccess.pendingQueue,incomingDataRate:vector
19386.0,46.6,HandoverShowcase.ap2.wlan[0].mac.dcf.channelAccess.pendingQueue,incomingDataRate:vector
19434.0,46.7,HandoverShowcase.ap2.wlan[0].mac.dcf.channelAccess.pendingQueue,incomingDataRate:vector
19467.0,46.8,HandoverShowcase.ap2.wlan[0].mac.dcf.channelAccess.pendingQueue,incomingDataRate:vector
19503.0,46.9,HandoverShowcase.ap2.wlan[0].mac.dcf.channelAccess.pendingQueue,incomingDataRate:vector
19551.0,47.0,HandoverShowcase.ap2.wlan[0].mac.dcf.channelAccess.pendingQueue,incomingDataRate:vector
19587.0,47.1,HandoverShowcase.ap2.wlan[0].mac.dcf.channelAccess.pendingQueue,incomingDataRate:vector
19637.0,47.2,HandoverShowcase.ap2.wlan[0].mac.dcf.channelAccess.pendingQueue,incomingDataRate:vector
19670.0,47.3,HandoverShowcase.ap2.wlan[0].mac.dcf.channelAccess.pendingQueue,incomingDataRate:vector
19706.0,47.4,HandoverShowcase.ap2.wlan[0].mac.dcf.channelAccess.pendingQueue,incomingDataRate:vector
19754.0,47.5,HandoverShowcase.ap2.wlan[0].mac.dcf.channelAccess.pendingQueue,incomingDataRate:vector
19792.0,47.6,HandoverShowcase.ap2.wlan[0].mac.dcf.channelAccess.pendingQueue,incomingDataRate:vector
19840.0,47.7,HandoverShowcase.ap2.wlan[0].mac.dcf.channelAccess.pendingQueue,incomingDataRate:vector
19873.0,47.8,HandoverShowcase.ap2.wlan[0].mac.dcf.channelAccess.pendingQueue,incomingDataRate:vector
19909.0,47.9,HandoverShowcase.ap2.wlan[0].mac.dcf.channelAccess.pendingQueue,incomingDataRate:vector
19957.0,48.0,HandoverShowcase.ap2.wlan[0].mac.dcf.channelAccess.pendingQueue,incomingDataRate:vector
19993.0,48.1,HandoverShowcase.ap2.wlan[0].mac.dcf.channelAccess.pendingQueue,incomingDataRate:vector
20041.0,48.2,HandoverShowcase.ap2.wlan[0].mac.dcf.channelAccess.pendingQueue,incomingDataRate:vector
20074.0,48.3,HandoverShowcase.ap2.wlan[0].mac.dcf.channelAccess.pendingQueue,incomingDataRate:vector
20110.0,48.4,HandoverShowcase.ap2.wlan[0].mac.dcf.channelAccess.pendingQueue,incomingDataRate:vector
20160.0,48.5,HandoverShowcase.ap2.wlan[0].mac.dcf.channelAccess.pendingQueue,incomingDataRate:vector
20196.0,48.6,HandoverShowcase.ap2.wlan[0].mac.dcf.channelAccess.pendingQueue,incomingDataRate:vector
20244.0,48.7,HandoverShowcase.ap2.wlan[0].mac.dcf.channelAccess.pendingQueue,incomingDataRate:vector
20277.0,48.8,HandoverShowcase.ap2.wlan[0].mac.dcf.channelAccess.pendingQueue,incomingDataRate:vector
20315.0,48.9,HandoverShowcase.ap2.wlan[0].mac.dcf.channelAccess.pendingQueue,incomingDataRate:vector
20363.0,49.0,HandoverShowcase.ap2.wlan[0].mac.dcf.channelAccess.pendingQueue,incomingDataRate:vector
20399.0,49.1,HandoverShowcase.ap2.wlan[0].mac.dcf.channelAccess.pendingQueue,incomingDataRate:vector
20447.0,49.2,HandoverShowcase.ap2.wlan[0].mac.dcf.channelAccess.pendingQueue,incomingDataRate:vector
20480.0,49.3,HandoverShowcase.ap2.wlan[0].mac.dcf.channelAccess.pendingQueue,incomingDataRate:vector
20516.0,49.4,HandoverShowcase.ap2.wlan[0].mac.dcf.channelAccess.pendingQueue,incomingDataRate:vector
20564.0,49.5,HandoverShowcase.ap2.wlan[0].mac.dcf.channelAccess.pendingQueue,incomingDataRate:vector
20600.0,49.6,HandoverShowcase.ap2.wlan[0].mac.dcf.channelAccess.pendingQueue,incomingDataRate:vector
20650.0,49.7,HandoverShowcase.ap2.wlan[0].mac.dcf.channelAccess.pendingQueue,incomingDataRate:vector
20683.0,49.8,HandoverShowcase.ap2.wlan[0].mac.dcf.channelAccess.pendingQueue,incomingDataRate:vector
20719.0,49.9,HandoverShowcase.ap2.wlan[0].mac.dcf.channelAccess.pendingQueue,incomingDataRate:vector
20767.0,50.0,HandoverShowcase.ap2.wlan[0].mac.dcf.channelAccess.pendingQueue,incomingDataRate:vector
20805.0,50.1,HandoverShowcase.ap2.wlan[0].mac.dcf.channelAccess.pendingQueue,incomingDataRate:vector
20853.0,50.2,HandoverShowcase.ap2.wlan[0].mac.dcf.channelAccess.pendingQueue,incomingDataRate:vector
20886.0,50.3,HandoverShowcase.ap2.wlan[0].mac.dcf.channelAccess.pendingQueue,incomingDataRate:vector
20922.0,50.4,HandoverShowcase.ap2.wlan[0].mac.dcf.channelAccess.pendingQueue,incomingDataRate:vector
20970.0,50.5,HandoverShowcase.ap2.wlan[0].mac.dcf.channelAccess.pendingQueue,incomingDataRate:vector
21006.0,50.6,HandoverShowcase.ap2.wlan[0].mac.dcf.channelAccess.pendingQueue,incomingDataRate:vector
21054.0,50.7,HandoverShowcase.ap2.wlan[0].mac.dcf.channelAccess.pendingQueue,incomingDataRate:vector
21087.0,50.8,HandoverShowcase.ap2.wlan[0].mac.dcf.channelAccess.pendingQueue,incomingDataRate:vector
21123.0,50.9,HandoverShowcase.ap2.wlan[0].mac.dcf.channelAccess.pendingQueue,incomingDataRate:vector
21173.0,51.0,HandoverShowcase.ap2.wlan[0].mac.dcf.channelAccess.pendingQueue,incomingDataRate:vector
21209.0,51.1,HandoverShowcase.ap2.wlan[0].mac.dcf.channelAccess.pendingQueue,incomingDataRate:vector
21257.0,51.2,HandoverShowcase.ap2.wlan[0].mac.dcf.channelAccess.pendingQueue,incomingDataRate:vector
21290.0,51.3,HandoverShowcase.ap2.wlan[0].mac.dcf.channelAccess.pendingQueue,incomingDataRate:vector
21328.0,51.4,HandoverShowcase.ap2.wlan[0].mac.dcf.channelAccess.pendingQueue,incomingDataRate:vector
21376.0,51.5,HandoverShowcase.ap2.wlan[0].mac.dcf.channelAccess.pendingQueue,incomingDataRate:vector
21412.0,51.6,HandoverShowcase.ap2.wlan[0].mac.dcf.channelAccess.pendingQueue,incomingDataRate:vector
21460.0,51.7,HandoverShowcase.ap2.wlan[0].mac.dcf.channelAccess.pendingQueue,incomingDataRate:vector
21493.0,51.8,HandoverShowcase.ap2.wlan[0].mac.dcf.channelAccess.pendingQueue,incomingDataRate:vector
21529.0,51.9,HandoverShowcase.ap2.wlan[0].mac.dcf.channelAccess.pendingQueue,incomingDataRate:vector
21577.0,52.0,HandoverShowcase.ap2.wlan[0].mac.dcf.channelAccess.pendingQueue,incomingDataRate:vector
21613.0,52.1,HandoverShowcase.ap2.wlan[0].mac.dcf.channelAccess.pendingQueue,incomingDataRate:vector
21663.0,52.2,HandoverShowcase.ap2.wlan[0].mac.dcf.channelAccess.pendingQueue,incomingDataRate:vector
21696.0,52.3,HandoverShowcase.ap2.wlan[0].mac.dcf.channelAccess.pendingQueue,incomingDataRate:vector
21732.0,52.4,HandoverShowcase.ap2.wlan[0].mac.dcf.channelAccess.pendingQueue,incomingDataRate:vector
21780.0,52.5,HandoverShowcase.ap2.wlan[0].mac.dcf.channelAccess.pendingQueue,incomingDataRate:vector
21818.0,52.6,HandoverShowcase.ap2.wlan[0].mac.dcf.channelAccess.pendingQueue,incomingDataRate:vector
21866.0,52.7,HandoverShowcase.ap2.wlan[0].mac.dcf.channelAccess.pendingQueue,incomingDataRate:vector
21899.0,52.8,HandoverShowcase.ap2.wlan[0].mac.dcf.channelAccess.pendingQueue,incomingDataRate:vector
21935.0,52.9,HandoverShowcase.ap2.wlan[0].mac.dcf.channelAccess.pendingQueue,incomingDataRate:vector
21983.0,53.0,HandoverShowcase.ap2.wlan[0].mac.dcf.channelAccess.pendingQueue,incomingDataRate:vector
22019.0,53.1,HandoverShowcase.ap2.wlan[0].mac.dcf.channelAccess.pendingQueue,incomingDataRate:vector
22067.0,53.2,HandoverShowcase.ap2.wlan[0].mac.dcf.channelAccess.pendingQueue,incomingDataRate:vector
22100.0,53.3,HandoverShowcase.ap2.wlan[0].mac.dcf.channelAccess.pendingQueue,incomingDataRate:vector
22136.0,53.4,HandoverShowcase.ap2.wlan[0].mac.dcf.channelAccess.pendingQueue,incomingDataRate:vector
22186.0,53.5,HandoverShowcase.ap2.wlan[0].mac.dcf.channelAccess.pendingQueue,incomingDataRate:vector
22222.0,53.6,HandoverShowcase.ap2.wlan[0].mac.dcf.channelAccess.pendingQueue,incomingDataRate:vector
22270.0,53.7,HandoverShowcase.ap2.wlan[0].mac.dcf.channelAccess.pendingQueue,incomingDataRate:vector
22303.0,53.8,HandoverShowcase.ap2.wlan[0].mac.dcf.channelAccess.pendingQueue,incomingDataRate:vector
22341.0,53.9,HandoverShowcase.ap2.wlan[0].mac.dcf.channelAccess.pendingQueue,incomingDataRate:vector
22389.0,54.0,HandoverShowcase.ap2.wlan[0].mac.dcf.channelAccess.pendingQueue,incomingDataRate:vector
22425.0,54.1,HandoverShowcase.ap2.wlan[0].mac.dcf.channelAccess.pendingQueue,incomingDataRate:vector
22473.0,54.2,HandoverShowcase.ap2.wlan[0].mac.dcf.channelAccess.pendingQueue,incomingDataRate:vector
22506.0,54.3,HandoverShowcase.ap2.wlan[0].mac.dcf.channelAccess.pendingQueue,incomingDataRate:vector
22542.0,54.4,HandoverShowcase.ap2.wlan[0].mac.dcf.channelAccess.pendingQueue,incomingDataRate:vector
22590.0,54.5,HandoverShowcase.ap2.wlan[0].mac.dcf.channelAccess.pendingQueue,incomingDataRate:vector
22626.0,54.6,HandoverShowcase.ap2.wlan[0].mac.dcf.channelAccess.pendingQueue,incomingDataRate:vector
22676.0,54.7,HandoverShowcase.ap2.wlan[0].mac.dcf.channelAccess.pendingQueue,incomingDataRate:vector
22709.0,54.8,HandoverShowcase.ap2.wlan[0].mac.dcf.channelAccess.pendingQueue,incomingDataRate:vector
22745.0,54.9,HandoverShowcase.ap2.wlan[0].mac.dcf.channelAccess.pendingQueue,incomingDataRate:vector
22793.0,55.0,HandoverShowcase.ap2.wlan[0].mac.dcf.channelAccess.pendingQueue,incomingDataRate:vector
22831.0,55.1,HandoverShowcase.ap2.wlan[0].mac.dcf.channelAccess.pendingQueue,incomingDataRate:vector
22879.0,55.2,HandoverShowcase.ap2.wlan[0].mac.dcf.channelAccess.pendingQueue,incomingDataRate:vector
22912.0,55.3,HandoverShowcase.ap2.wlan[0].mac.dcf.channelAccess.pendingQueue,incomingDataRate:vector
22948.0,55.4,HandoverShowcase.ap2.wlan[0].mac.dcf.channelAccess.pendingQueue,incomingDataRate:vector
22996.0,55.5,HandoverShowcase.ap2.wlan[0].mac.dcf.channelAccess.pendingQueue,incomingDataRate:vector
23032.0,55.6,HandoverShowcase.ap2.wlan[0].mac.dcf.channelAccess.pendingQueue,incomingDataRate:vector
23080.0,55.7,HandoverShowcase.ap2.wlan[0].mac.dcf.channelAccess.pendingQueue,incomingDataRate:vector
23113.0,55.8,HandoverShowcase.ap2.wlan[0].mac.dcf.channelAccess.pendingQueue,incomingDataRate:vector
23149.0,55.9,HandoverShowcase.ap2.wlan[0].mac.dcf.channelAccess.pendingQueue,incomingDataRate:vector
23199.0,56.0,HandoverShowcase.ap2.wlan[0].mac.dcf.channelAccess.pendingQueue,incomingDataRate:vector
23235.0,56.1,HandoverShowcase.ap2.wlan[0].mac.dcf.channelAccess.pendingQueue,incomingDataRate:vector
23283.0,56.2,HandoverShowcase.ap2.wlan[0].mac.dcf.channelAccess.pendingQueue,incomingDataRate:vector
23316.0,56.3,HandoverShowcase.ap2.wlan[0].mac.dcf.channelAccess.pendingQueue,incomingDataRate:vector
23354.0,56.4,HandoverShowcase.ap2.wlan[0].mac.dcf.channelAccess.pendingQueue,incomingDataRate:vector
23402.0,56.5,HandoverShowcase.ap2.wlan[0].mac.dcf.channelAccess.pendingQueue,incomingDataRate:vector
23438.0,56.6,HandoverShowcase.ap2.wlan[0].mac.dcf.channelAccess.pendingQueue,incomingDataRate:vector
23486.0,56.7,HandoverShowcase.ap2.wlan[0].mac.dcf.channelAccess.pendingQueue,incomingDataRate:vector
23519.0,56.8,HandoverShowcase.ap2.wlan[0].mac.dcf.channelAccess.pendingQueue,incomingDataRate:vector
23555.0,56.9,HandoverShowcase.ap2.wlan[0].mac.dcf.channelAccess.pendingQueue,incomingDataRate:vector
23603.0,57.0,HandoverShowcase.ap2.wlan[0].mac.dcf.channelAccess.pendingQueue,incomingDataRate:vector
23639.0,57.1,HandoverShowcase.ap2.wlan[0].mac.dcf.channelAccess.pendingQueue,incomingDataRate:vector
23689.0,57.2,HandoverShowcase.ap2.wlan[0].mac.dcf.channelAccess.pendingQueue,incomingDataRate:vector
23722.0,57.3,HandoverShowcase.ap2.wlan[0].mac.dcf.channelAccess.pendingQueue,incomingDataRate:vector
23758.0,57.4,HandoverShowcase.ap2.wlan[0].mac.dcf.channelAccess.pendingQueue,incomingDataRate:vector
23806.0,57.5,HandoverShowcase.ap2.wlan[0].mac.dcf.channelAccess.pendingQueue,incomingDataRate:vector
23844.0,57.6,HandoverShowcase.ap2.wlan[0].mac.dcf.channelAccess.pendingQueue,incomingDataRate:vector
23892.0,57.7,HandoverShowcase.ap2.wlan[0].mac.dcf.channelAccess.pendingQueue,incomingDataRate:vector
23925.0,57.8,HandoverShowcase.ap2.wlan[0].mac.dcf.channelAccess.pendingQueue,incomingDataRate:vector
23961.0,57.9,HandoverShowcase.ap2.wlan[0].mac.dcf.channelAccess.pendingQueue,incomingDataRate:vector
24009.0,58.0,HandoverShowcase.ap2.wlan[0].mac.dcf.channelAccess.pendingQueue,incomingDataRate:vector
24045.0,58.1,HandoverShowcase.ap2.wlan[0].mac.dcf.channelAccess.pendingQueue,incomingDataRate:vector
24093.0,58.2,HandoverShowcase.ap2.wlan[0].mac.dcf.channelAccess.pendingQueue,incomingDataRate:vector
24126.0,58.3,HandoverShowcase.ap2.wlan[0].mac.dcf.channelAccess.pendingQueue,incomingDataRate:vector
24162.0,58.4,HandoverShowcase.ap2.wlan[0].mac.dcf.channelAccess.pendingQueue,incomingDataRate:vector
24212.0,58.5,HandoverShowcase.ap2.wlan[0].mac.dcf.channelAccess.pendingQueue,incomingDataRate:vector
24248.0,58.6,HandoverShowcase.ap2.wlan[0].mac.dcf.channelAccess.pendingQueue,incomingDataRate:vector
24296.0,58.7,HandoverShowcase.ap2.wlan[0].mac.dcf.channelAccess.pendingQueue,incomingDataRate:vector
24329.0,58.8,HandoverShowcase.ap2.wlan[0].mac.dcf.channelAccess.pendingQueue,incomingDataRate:vector
24367.0,58.9,HandoverShowcase.ap2.wlan[0].mac.dcf.channelAccess.pendingQueue,incomingDataRate:vector
24415.0,59.0,HandoverShowcase.ap2.wlan[0].mac.dcf.channelAccess.pendingQueue,incomingDataRate:vector
24451.0,59.1,HandoverShowcase.ap2.wlan[0].mac.dcf.channelAccess.pendingQueue,incomingDataRate:vector
24499.0,59.2,HandoverShowcase.ap2.wlan[0].mac.dcf.channelAccess.pendingQueue,incomingDataRate:vector
24532.0,59.3,HandoverShowcase.ap2.wlan[0].mac.dcf.channelAccess.pendingQueue,incomingDataRate:vector
24568.0,59.4,HandoverShowcase.ap2.wlan[0].mac.dcf.channelAccess.pendingQueue,incomingDataRate:vector
24616.0,59.5,HandoverShowcase.ap2.wlan[0].mac.dcf.channelAccess.pendingQueue,incomingDataRate:vector
24652.0,59.6,HandoverShowcase.ap2.wlan[0].mac.dcf.channelAccess.pendingQueue,incomingDataRate:vector
24702.0,59.7,HandoverShowcase.ap2.wlan[0].mac.dcf.channelAccess.pendingQueue,incomingDataRate:vector
24735.0,59.8,HandoverShowcase.ap2.wlan[0].mac.dcf.channelAccess.pendingQueue,incomingDataRate:vector
24771.0,59.9,HandoverShowcase.ap2.wlan[0].mac.dcf.channelAccess.pendingQueue,incomingDataRate:vector
24819.0,60.0,HandoverShowcase.ap2.wlan[0].mac.dcf.channelAccess.pendingQueue,incomingDataRate:vector
24857.0,60.1,HandoverShowcase.ap2.wlan[0].mac.dcf.channelAccess.pendingQueue,incomingDataRate:vector
24905.0,60.2,HandoverShowcase.ap2.wlan[0].mac.dcf.channelAccess.pendingQueue,incomingDataRate:vector
24938.0,60.3,HandoverShowcase.ap2.wlan[0].mac.dcf.channelAccess.pendingQueue,incomingDataRate:vector
24974.0,60.4,HandoverShowcase.ap2.wlan[0].mac.dcf.channelAccess.pendingQueue,incomingDataRate:vector
25022.0,60.5,HandoverShowcase.ap2.wlan[0].mac.dcf.channelAccess.pendingQueue,incomingDataRate:vector
25058.0,60.6,HandoverShowcase.ap2.wlan[0].mac.dcf.channelAccess.pendingQueue,incomingDataRate:vector
25106.0,60.7,HandoverShowcase.ap2.wlan[0].mac.dcf.channelAccess.pendingQueue,incomingDataRate:vector
25139.0,60.8,HandoverShowcase.ap2.wlan[0].mac.dcf.channelAccess.pendingQueue,incomingDataRate:vector
25175.0,60.9,HandoverShowcase.ap2.wlan[0].mac.dcf.channelAccess.pendingQueue,incomingDataRate:vector
25225.0,61.0,HandoverShowcase.ap2.wlan[0].mac.dcf.channelAccess.pendingQueue,incomingDataRate:vector
25261.0,61.1,HandoverShowcase.ap2.wlan[0].mac.dcf.channelAccess.pendingQueue,incomingDataRate:vector
25309.0,61.2,HandoverShowcase.ap2.wlan[0].mac.dcf.channelAccess.pendingQueue,incomingDataRate:vector
25342.0,61.3,HandoverShowcase.ap2.wlan[0].mac.dcf.channelAccess.pendingQueue,incomingDataRate:vector
25380.0,61.4,HandoverShowcase.ap2.wlan[0].mac.dcf.channelAccess.pendingQueue,incomingDataRate:vector
25428.0,61.5,HandoverShowcase.ap2.wlan[0].mac.dcf.channelAccess.pendingQueue,incomingDataRate:vector
25464.0,61.6,HandoverShowcase.ap2.wlan[0].mac.dcf.channelAccess.pendingQueue,incomingDataRate:vector
25512.0,61.7,HandoverShowcase.ap2.wlan[0].mac.dcf.channelAccess.pendingQueue,incomingDataRate:vector
25545.0,61.8,HandoverShowcase.ap2.wlan[0].mac.dcf.channelAccess.pendingQueue,incomingDataRate:vector
25581.0,61.9,HandoverShowcase.ap2.wlan[0].mac.dcf.channelAccess.pendingQueue,incomingDataRate:vector
25629.0,62.0,HandoverShowcase.ap2.wlan[0].mac.dcf.channelAccess.pendingQueue,incomingDataRate:vector
25665.0,62.1,HandoverShowcase.ap2.wlan[0].mac.dcf.channelAccess.pendingQueue,incomingDataRate:vector
25715.0,62.2,HandoverShowcase.ap2.wlan[0].mac.dcf.channelAccess.pendingQueue,incomingDataRate:vector
25748.0,62.3,HandoverShowcase.ap2.wlan[0].mac.dcf.channelAccess.pendingQueue,incomingDataRate:vector
25784.0,62.4,HandoverShowcase.ap2.wlan[0].mac.dcf.channelAccess.pendingQueue,incomingDataRate:vector
25832.0,62.5,HandoverShowcase.ap2.wlan[0].mac.dcf.channelAccess.pendingQueue,incomingDataRate:vector
25870.0,62.6,HandoverShowcase.ap2.wlan[0].mac.dcf.channelAccess.pendingQueue,incomingDataRate:vector
25918.0,62.7,HandoverShowcase.ap2.wlan[0].mac.dcf.channelAccess.pendingQueue,incomingDataRate:vector
25951.0,62.8,HandoverShowcase.ap2.wlan[0].mac.dcf.channelAccess.pendingQueue,incomingDataRate:vector
25987.0,62.9,HandoverShowcase.ap2.wlan[0].mac.dcf.channelAccess.pendingQueue,incomingDataRate:vector
26035.0,63.0,HandoverShowcase.ap2.wlan[0].mac.dcf.channelAccess.pendingQueue,incomingDataRate:vector
26071.0,63.1,HandoverShowcase.ap2.wlan[0].mac.dcf.channelAccess.pendingQueue,incomingDataRate:vector
26119.0,63.2,HandoverShowcase.ap2.wlan[0].mac.dcf.channelAccess.pendingQueue,incomingDataRate:vector
26152.0,63.3,HandoverShowcase.ap2.wlan[0].mac.dcf.channelAccess.pendingQueue,incomingDataRate:vector
26188.0,63.4,HandoverShowcase.ap2.wlan[0].mac.dcf.channelAccess.pendingQueue,incomingDataRate:vector
26238.0,63.5,HandoverShowcase.ap2.wlan[0].mac.dcf.channelAccess.pendingQueue,incomingDataRate:vector
26274.0,63.6,HandoverShowcase.ap2.wlan[0].mac.dcf.channelAccess.pendingQueue,incomingDataRate:vector
26322.0,63.7,HandoverShowcase.ap2.wlan[0].mac.dcf.channelAccess.pendingQueue,incomingDataRate:vector
26355.0,63.8,HandoverShowcase.ap2.wlan[0].mac.dcf.channelAccess.pendingQueue,incomingDataRate:vector
26393.0,63.9,HandoverShowcase.ap2.wlan[0].mac.dcf.channelAccess.pendingQueue,incomingDataRate:vector
26441.0,64.0,HandoverShowcase.ap2.wlan[0].mac.dcf.channelAccess.pendingQueue,incomingDataRate:vector
26477.0,64.1,HandoverShowcase.ap2.wlan[0].mac.dcf.channelAccess.pendingQueue,incomingDataRate:vector
26525.0,64.2,HandoverShowcase.ap2.wlan[0].mac.dcf.channelAccess.pendingQueue,incomingDataRate:vector
26558.0,64.3,HandoverShowcase.ap2.wlan[0].mac.dcf.channelAccess.pendingQueue,incomingDataRate:vector
26594.0,64.4,HandoverShowcase.ap2.wlan[0].mac.dcf.channelAccess.pendingQueue,incomingDataRate:vector
26642.0,64.5,HandoverShowcase.ap2.wlan[0].mac.dcf.channelAccess.pendingQueue,incomingDataRate:vector
26678.0,64.6,HandoverShowcase.ap2.wlan[0].mac.dcf.channelAccess.pendingQueue,incomingDataRate:vector
26728.0,64.7,HandoverShowcase.ap2.wlan[0].mac.dcf.channelAccess.pendingQueue,incomingDataRate:vector
26761.0,64.8,HandoverShowcase.ap2.wlan[0].mac.dcf.channelAccess.pendingQueue,incomingDataRate:vector
26797.0,64.9,HandoverShowcase.ap2.wlan[0].mac.dcf.channelAccess.pendingQueue,incomingDataRate:vector
26845.0,65.0,HandoverShowcase.ap2.wlan[0].mac.dcf.channelAccess.pendingQueue,incomingDataRate:vector
26883.0,65.1,HandoverShowcase.ap2.wlan[0].mac.dcf.channelAccess.pendingQueue,incomingDataRate:vector
26931.0,65.2,HandoverShowcase.ap2.wlan[0].mac.dcf.channelAccess.pendingQueue,incomingDataRate:vector
26964.0,65.3,HandoverShowcase.ap2.wlan[0].mac.dcf.channelAccess.pendingQueue,incomingDataRate:vector
27000.0,65.4,HandoverShowcase.ap2.wlan[0].mac.dcf.channelAccess.pendingQueue,incomingDataRate:vector
27048.0,65.5,HandoverShowcase.ap2.wlan[0].mac.dcf.channelAccess.pendingQueue,incomingDataRate:vector
27084.0,65.6,HandoverShowcase.ap2.wlan[0].mac.dcf.channelAccess.pendingQueue,incomingDataRate:vector
27132.0,65.7,HandoverShowcase.ap2.wlan[0].mac.dcf.channelAccess.pendingQueue,incomingDataRate:vector
27165.0,65.8,HandoverShowcase.ap2.wlan[0].mac.dcf.channelAccess.pendingQueue,incomingDataRate:vector
27201.0,65.9,HandoverShowcase.ap2.wlan[0].mac.dcf.channelAccess.pendingQueue,incomingDataRate:vector
27249.0,66.0,HandoverShowcase.ap2.wlan[0].mac.dcf.channelAccess.pendingQueue,incomingDataRate:vector
27285.0,66.1,HandoverShowcase.ap2.wlan[0].mac.dcf.channelAccess.pendingQueue,incomingDataRate:vector
27333.0,66.2,HandoverShowcase.ap2.wlan[0].mac.dcf.channelAccess.pendingQueue,incomingDataRate:vector
27366.0,66.3,HandoverShowcase.ap2.wlan[0].mac.dcf.channelAccess.pendingQueue,incomingDataRate:vector
27404.0,66.4,HandoverShowcase.ap2.wlan[0].mac.dcf.channelAccess.pendingQueue,incomingDataRate:vector
27452.0,66.5,HandoverShowcase.ap2.wlan[0].mac.dcf.channelAccess.pendingQueue,incomingDataRate:vector
27488.0,66.6,HandoverShowcase.ap2.wlan[0].mac.dcf.channelAccess.pendingQueue,incomingDataRate:vector
27536.0,66.7,HandoverShowcase.ap2.wlan[0].mac.dcf.channelAccess.pendingQueue,incomingDataRate:vector
27569.0,66.8,HandoverShowcase.ap2.wlan[0].mac.dcf.channelAccess.pendingQueue,incomingDataRate:vector
27605.0,66.9,HandoverShowcase.ap2.wlan[0].mac.dcf.channelAccess.pendingQueue,incomingDataRate:vector
27653.0,67.0,HandoverShowcase.ap2.wlan[0].mac.dcf.channelAccess.pendingQueue,incomingDataRate:vector
27689.0,67.1,HandoverShowcase.ap2.wlan[0].mac.dcf.channelAccess.pendingQueue,incomingDataRate:vector
27737.0,67.2,HandoverShowcase.ap2.wlan[0].mac.dcf.channelAccess.pendingQueue,incomingDataRate:vector
27770.0,67.3,HandoverShowcase.ap2.wlan[0].mac.dcf.channelAccess.pendingQueue,incomingDataRate:vector
27806.0,67.4,HandoverShowcase.ap2.wlan[0].mac.dcf.channelAccess.pendingQueue,incomingDataRate:vector
27854.0,67.5,HandoverShowcase.ap2.wlan[0].mac.dcf.channelAccess.pendingQueue,incomingDataRate:vector
27892.0,67.6,HandoverShowcase.ap2.wlan[0].mac.dcf.channelAccess.pendingQueue,incomingDataRate:vector
27940.0,67.7,HandoverShowcase.ap2.wlan[0].mac.dcf.channelAccess.pendingQueue,incomingDataRate:vector
27973.0,67.8,HandoverShowcase.ap2.wlan[0].mac.dcf.channelAccess.pendingQueue,incomingDataRate:vector
28009.0,67.9,HandoverShowcase.ap2.wlan[0].mac.dcf.channelAccess.pendingQueue,incomingDataRate:vector
28057.0,68.0,HandoverShowcase.ap2.wlan[0].mac.dcf.channelAccess.pendingQueue,incomingDataRate:vector
28093.0,68.1,HandoverShowcase.ap2.wlan[0].mac.dcf.channelAccess.pendingQueue,incomingDataRate:vector
28141.0,68.2,HandoverShowcase.ap2.wlan[0].mac.dcf.channelAccess.pendingQueue,incomingDataRate:vector
28174.0,68.3,HandoverShowcase.ap2.wlan[0].mac.dcf.channelAccess.pendingQueue,incomingDataRate:vector
28210.0,68.4,HandoverShowcase.ap2.wlan[0].mac.dcf.channelAccess.pendingQueue,incomingDataRate:vector
28258.0,68.5,HandoverShowcase.ap2.wlan[0].mac.dcf.channelAccess.pendingQueue,incomingDataRate:vector
28294.0,68.6,HandoverShowcase.ap2.wlan[0].mac.dcf.channelAccess.pendingQueue,incomingDataRate:vector
28342.0,68.7,HandoverShowcase.ap2.wlan[0].mac.dcf.channelAccess.pendingQueue,incomingDataRate:vector
28375.0,68.8,HandoverShowcase.ap2.wlan[0].mac.dcf.channelAccess.pendingQueue,incomingDataRate:vector
28413.0,68.9,HandoverShowcase.ap2.wlan[0].mac.dcf.channelAccess.pendingQueue,incomingDataRate:vector
28461.0,69.0,HandoverShowcase.ap2.wlan[0].mac.dcf.channelAccess.pendingQueue,incomingDataRate:vector
28497.0,69.1,HandoverShowcase.ap2.wlan[0].mac.dcf.channelAccess.pendingQueue,incomingDataRate:vector
28545.0,69.2,HandoverShowcase.ap2.wlan[0].mac.dcf.channelAccess.pendingQueue,incomingDataRate:vector
28578.0,69.3,HandoverShowcase.ap2.wlan[0].mac.dcf.channelAccess.pendingQueue,incomingDataRate:vector
28614.0,69.4,HandoverShowcase.ap2.wlan[0].mac.dcf.channelAccess.pendingQueue,incomingDataRate:vector
28662.0,69.5,HandoverShowcase.ap2.wlan[0].mac.dcf.channelAccess.pendingQueue,incomingDataRate:vector
28698.0,69.6,HandoverShowcase.ap2.wlan[0].mac.dcf.channelAccess.pendingQueue,incomingDataRate:vector
28746.0,69.7,HandoverShowcase.ap2.wlan[0].mac.dcf.channelAccess.pendingQueue,incomingDataRate:vector
28779.0,69.8,HandoverShowcase.ap2.wlan[0].mac.dcf.channelAccess.pendingQueue,incomingDataRate:vector
28815.0,69.9,HandoverShowcase.ap2.wlan[0].mac.dcf.channelAccess.pendingQueue,incomingDataRate:vector
28863.0,70.0,HandoverShowcase.ap2.wlan[0].mac.dcf.channelAccess.pendingQueue,incomingDataRate:vector
28901.0,70.1,HandoverShowcase.ap2.wlan[0].mac.dcf.channelAccess.pendingQueue,incomingDataRate:vector
28949.0,70.2,HandoverShowcase.ap2.wlan[0].mac.dcf.channelAccess.pendingQueue,incomingDataRate:vector
28982.0,70.3,HandoverShowcase.ap2.wlan[0].mac.dcf.channelAccess.pendingQueue,incomingDataRate:vector
29018.0,70.4,HandoverShowcase.ap2.wlan[0].mac.dcf.channelAccess.pendingQueue,incomingDataRate:vector
29066.0,70.5,HandoverShowcase.ap2.wlan[0].mac.dcf.channelAccess.pendingQueue,incomingDataRate:vector
29102.0,70.6,HandoverShowcase.ap2.wlan[0].mac.dcf.channelAccess.pendingQueue,incomingDataRate:vector
29150.0,70.7,HandoverShowcase.ap2.wlan[0].mac.dcf.channelAccess.pendingQueue,incomingDataRate:vector
29183.0,70.8,HandoverShowcase.ap2.wlan[0].mac.dcf.channelAccess.pendingQueue,incomingDataRate:vector
29219.0,70.9,HandoverShowcase.ap2.wlan[0].mac.dcf.channelAccess.pendingQueue,incomingDataRate:vector
29267.0,71.0,HandoverShowcase.ap2.wlan[0].mac.dcf.channelAccess.pendingQueue,incomingDataRate:vector
29303.0,71.1,HandoverShowcase.ap2.wlan[0].mac.dcf.channelAccess.pendingQueue,incomingDataRate:vector
29351.0,71.2,HandoverShowcase.ap2.wlan[0].mac.dcf.channelAccess.pendingQueue,incomingDataRate:vector
29384.0,71.3,HandoverShowcase.ap2.wlan[0].mac.dcf.channelAccess.pendingQueue,incomingDataRate:vector
29422.0,71.4,HandoverShowcase.ap2.wlan[0].mac.dcf.channelAccess.pendingQueue,incomingDataRate:vector
29470.0,71.5,HandoverShowcase.ap2.wlan[0].mac.dcf.channelAccess.pendingQueue,incomingDataRate:vector
29506.0,71.6,HandoverShowcase.ap2.wlan[0].mac.dcf.channelAccess.pendingQueue,incomingDataRate:vector
29554.0,71.7,HandoverShowcase.ap2.wlan[0].mac.dcf.channelAccess.pendingQueue,incomingDataRate:vector
29587.0,71.8,HandoverShowcase.ap2.wlan[0].mac.dcf.channelAccess.pendingQueue,incomingDataRate:vector
29623.0,71.9,HandoverShowcase.ap2.wlan[0].mac.dcf.channelAccess.pendingQueue,incomingDataRate:vector
29671.0,72.0,HandoverShowcase.ap2.wlan[0].mac.dcf.channelAccess.pendingQueue,incomingDataRate:vector
29707.0,72.1,HandoverShowcase.ap2.wlan[0].mac.dcf.channelAccess.pendingQueue,incomingDataRate:vector
29755.0,72.2,HandoverShowcase.ap2.wlan[0].mac.dcf.channelAccess.pendingQueue,incomingDataRate:vector
29788.0,72.3,HandoverShowcase.ap2.wlan[0].mac.dcf.channelAccess.pendingQueue,incomingDataRate:vector
29824.0,72.4,HandoverShowcase.ap2.wlan[0].mac.dcf.channelAccess.pendingQueue,incomingDataRate:vector
29872.0,72.5,HandoverShowcase.ap2.wlan[0].mac.dcf.channelAccess.pendingQueue,incomingDataRate:vector
29910.0,72.6,HandoverShowcase.ap2.wlan[0].mac.dcf.channelAccess.pendingQueue,incomingDataRate:vector
29958.0,72.7,HandoverShowcase.ap2.wlan[0].mac.dcf.channelAccess.pendingQueue,incomingDataRate:vector
29991.0,72.8,HandoverShowcase.ap2.wlan[0].mac.dcf.channelAccess.pendingQueue,incomingDataRate:vector
30027.0,72.9,HandoverShowcase.ap2.wlan[0].mac.dcf.channelAccess.pendingQueue,incomingDataRate:vector
30075.0,73.0,HandoverShowcase.ap2.wlan[0].mac.dcf.channelAccess.pendingQueue,incomingDataRate:vector
30111.0,73.1,HandoverShowcase.ap2.wlan[0].mac.dcf.channelAccess.pendingQueue,incomingDataRate:vector
30159.0,73.2,HandoverShowcase.ap2.wlan[0].mac.dcf.channelAccess.pendingQueue,incomingDataRate:vector
30192.0,73.3,HandoverShowcase.ap2.wlan[0].mac.dcf.channelAccess.pendingQueue,incomingDataRate:vector
30228.0,73.4,HandoverShowcase.ap2.wlan[0].mac.dcf.channelAccess.pendingQueue,incomingDataRate:vector
30276.0,73.5,HandoverShowcase.ap2.wlan[0].mac.dcf.channelAccess.pendingQueue,incomingDataRate:vector
30312.0,73.6,HandoverShowcase.ap2.wlan[0].mac.dcf.channelAccess.pendingQueue,incomingDataRate:vector
30360.0,73.7,HandoverShowcase.ap2.wlan[0].mac.dcf.channelAccess.pendingQueue,incomingDataRate:vector
30393.0,73.8,HandoverShowcase.ap2.wlan[0].mac.dcf.channelAccess.pendingQueue,incomingDataRate:vector
30431.0,73.9,HandoverShowcase.ap2.wlan[0].mac.dcf.channelAccess.pendingQueue,incomingDataRate:vector
30479.0,74.0,HandoverShowcase.ap2.wlan[0].mac.dcf.channelAccess.pendingQueue,incomingDataRate:vector
30515.0,74.1,HandoverShowcase.ap2.wlan[0].mac.dcf.channelAccess.pendingQueue,incomingDataRate:vector
30563.0,74.2,HandoverShowcase.ap2.wlan[0].mac.dcf.channelAccess.pendingQueue,incomingDataRate:vector
30596.0,74.3,HandoverShowcase.ap2.wlan[0].mac.dcf.channelAccess.pendingQueue,incomingDataRate:vector
30632.0,74.4,HandoverShowcase.ap2.wlan[0].mac.dcf.channelAccess.pendingQueue,incomingDataRate:vector
30680.0,74.5,HandoverShowcase.ap2.wlan[0].mac.dcf.channelAccess.pendingQueue,incomingDataRate:vector
30716.0,74.6,HandoverShowcase.ap2.wlan[0].mac.dcf.channelAccess.pendingQueue,incomingDataRate:vector
30764.0,74.7,HandoverShowcase.ap2.wlan[0].mac.dcf.channelAccess.pendingQueue,incomingDataRate:vector
30797.0,74.8,HandoverShowcase.ap2.wlan[0].mac.dcf.channelAccess.pendingQueue,incomingDataRate:vector
30833.0,74.9,HandoverShowcase.ap2.wlan[0].mac.dcf.channelAccess.pendingQueue,incomingDataRate:vector
30881.0,75.0,HandoverShowcase.ap2.wlan[0].mac.dcf.channelAccess.pendingQueue,incomingDataRate:vector
30919.0,75.1,HandoverShowcase.ap2.wlan[0].mac.dcf.channelAccess.pendingQueue,incomingDataRate:vector
30967.0,75.2,HandoverShowcase.ap2.wlan[0].mac.dcf.channelAccess.pendingQueue,incomingDataRate:vector
31000.0,75.3,HandoverShowcase.ap2.wlan[0].mac.dcf.channelAccess.pendingQueue,incomingDataRate:vector
31036.0,75.4,HandoverShowcase.ap2.wlan[0].mac.dcf.channelAccess.pendingQueue,incomingDataRate:vector
31084.0,75.5,HandoverShowcase.ap2.wlan[0].mac.dcf.channelAccess.pendingQueue,incomingDataRate:vector
31120.0,75.6,HandoverShowcase.ap2.wlan[0].mac.dcf.channelAccess.pendingQueue,incomingDataRate:vector
31168.0,75.7,HandoverShowcase.ap2.wlan[0].mac.dcf.channelAccess.pendingQueue,incomingDataRate:vector
31201.0,75.8,HandoverShowcase.ap2.wlan[0].mac.dcf.channelAccess.pendingQueue,incomingDataRate:vector
31237.0,75.9,HandoverShowcase.ap2.wlan[0].mac.dcf.channelAccess.pendingQueue,incomingDataRate:vector
31285.0,76.0,HandoverShowcase.ap2.wlan[0].mac.dcf.channelAccess.pendingQueue,incomingDataRate:vector
31321.0,76.1,HandoverShowcase.ap2.wlan[0].mac.dcf.channelAccess.pendingQueue,incomingDataRate:vector
31369.0,76.2,HandoverShowcase.ap2.wlan[0].mac.dcf.channelAccess.pendingQueue,incomingDataRate:vector
31402.0,76.3,HandoverShowcase.ap2.wlan[0].mac.dcf.channelAccess.pendingQueue,incomingDataRate:vector
31440.0,76.4,HandoverShowcase.ap2.wlan[0].mac.dcf.channelAccess.pendingQueue,incomingDataRate:vector
31488.0,76.5,HandoverShowcase.ap2.wlan[0].mac.dcf.channelAccess.pendingQueue,incomingDataRate:vector
31524.0,76.6,HandoverShowcase.ap2.wlan[0].mac.dcf.channelAccess.pendingQueue,incomingDataRate:vector
31572.0,76.7,HandoverShowcase.ap2.wlan[0].mac.dcf.channelAccess.pendingQueue,incomingDataRate:vector
31605.0,76.8,HandoverShowcase.ap2.wlan[0].mac.dcf.channelAccess.pendingQueue,incomingDataRate:vector
31641.0,76.9,HandoverShowcase.ap2.wlan[0].mac.dcf.channelAccess.pendingQueue,incomingDataRate:vector
31689.0,77.0,HandoverShowcase.ap2.wlan[0].mac.dcf.channelAccess.pendingQueue,incomingDataRate:vector
31725.0,77.1,HandoverShowcase.ap2.wlan[0].mac.dcf.channelAccess.pendingQueue,incomingDataRate:vector
31773.0,77.2,HandoverShowcase.ap2.wlan[0].mac.dcf.channelAccess.pendingQueue,incomingDataRate:vector
31806.0,77.3,HandoverShowcase.ap2.wlan[0].mac.dcf.channelAccess.pendingQueue,incomingDataRate:vector
31842.0,77.4,HandoverShowcase.ap2.wlan[0].mac.dcf.channelAccess.pendingQueue,incomingDataRate:vector
31890.0,77.5,HandoverShowcase.ap2.wlan[0].mac.dcf.channelAccess.pendingQueue,incomingDataRate:vector
31928.0,77.6,HandoverShowcase.ap2.wlan[0].mac.dcf.channelAccess.pendingQueue,incomingDataRate:vector
31976.0,77.7,HandoverShowcase.ap2.wlan[0].mac.dcf.channelAccess.pendingQueue,incomingDataRate:vector
32009.0,77.8,HandoverShowcase.ap2.wlan[0].mac.dcf.channelAccess.pendingQueue,incomingDataRate:vector
32045.0,77.9,HandoverShowcase.ap2.wlan[0].mac.dcf.channelAccess.pendingQueue,incomingDataRate:vector
32093.0,78.0,HandoverShowcase.ap2.wlan[0].mac.dcf.channelAccess.pendingQueue,incomingDataRate:vector
32129.0,78.1,HandoverShowcase.ap2.wlan[0].mac.dcf.channelAccess.pendingQueue,incomingDataRate:vector
32177.0,78.2,HandoverShowcase.ap2.wlan[0].mac.dcf.channelAccess.pendingQueue,incomingDataRate:vector
32210.0,78.3,HandoverShowcase.ap2.wlan[0].mac.dcf.channelAccess.pendingQueue,incomingDataRate:vector
32246.0,78.4,HandoverShowcase.ap2.wlan[0].mac.dcf.channelAccess.pendingQueue,incomingDataRate:vector
32294.0,78.5,HandoverShowcase.ap2.wlan[0].mac.dcf.channelAccess.pendingQueue,incomingDataRate:vector
32330.0,78.6,HandoverShowcase.ap2.wlan[0].mac.dcf.channelAccess.pendingQueue,incomingDataRate:vector
32378.0,78.7,HandoverShowcase.ap2.wlan[0].mac.dcf.channelAccess.pendingQueue,incomingDataRate:vector
32411.0,78.8,HandoverShowcase.ap2.wlan[0].mac.dcf.channelAccess.pendingQueue,incomingDataRate:vector
32449.0,78.9,HandoverShowcase.ap2.wlan[0].mac.dcf.channelAccess.pendingQueue,incomingDataRate:vector
32497.0,79.0,HandoverShowcase.ap2.wlan[0].mac.dcf.channelAccess.pendingQueue,incomingDataRate:vector
32533.0,79.1,HandoverShowcase.ap2.wlan[0].mac.dcf.channelAccess.pendingQueue,incomingDataRate:vector
32581.0,79.2,HandoverShowcase.ap2.wlan[0].mac.dcf.channelAccess.pendingQueue,incomingDataRate:vector
32614.0,79.3,HandoverShowcase.ap2.wlan[0].mac.dcf.channelAccess.pendingQueue,incomingDataRate:vector
32650.0,79.4,HandoverShowcase.ap2.wlan[0].mac.dcf.channelAccess.pendingQueue,incomingDataRate:vector
32698.0,79.5,HandoverShowcase.ap2.wlan[0].mac.dcf.channelAccess.pendingQueue,incomingDataRate:vector
32734.0,79.6,HandoverShowcase.ap2.wlan[0].mac.dcf.channelAccess.pendingQueue,incomingDataRate:vector
32782.0,79.7,HandoverShowcase.ap2.wlan[0].mac.dcf.channelAccess.pendingQueue,incomingDataRate:vector
32815.0,79.8,HandoverShowcase.ap2.wlan[0].mac.dcf.channelAccess.pendingQueue,incomingDataRate:vector
32851.0,79.9,HandoverShowcase.ap2.wlan[0].mac.dcf.channelAccess.pendingQueue,incomingDataRate:vector
32899.0,80.0,HandoverShowcase.ap2.wlan[0].mac.dcf.channelAccess.pendingQueue,incomingDataRate:vector
32937.0,80.1,HandoverShowcase.ap2.wlan[0].mac.dcf.channelAccess.pendingQueue,incomingDataRate:vector
32985.0,80.2,HandoverShowcase.ap2.wlan[0].mac.dcf.channelAccess.pendingQueue,incomingDataRate:vector
33018.0,80.3,HandoverShowcase.ap2.wlan[0].mac.dcf.channelAccess.pendingQueue,incomingDataRate:vector
33054.0,80.4,HandoverShowcase.ap2.wlan[0].mac.dcf.channelAccess.pendingQueue,incomingDataRate:vector
33102.0,80.5,HandoverShowcase.ap2.wlan[0].mac.dcf.channelAccess.pendingQueue,incomingDataRate:vector
33138.0,80.6,HandoverShowcase.ap2.wlan[0].mac.dcf.channelAccess.pendingQueue,incomingDataRate:vector
33186.0,80.7,HandoverShowcase.ap2.wlan[0].mac.dcf.channelAccess.pendingQueue,incomingDataRate:vector
33219.0,80.8,HandoverShowcase.ap2.wlan[0].mac.dcf.channelAccess.pendingQueue,incomingDataRate:vector
33255.0,80.9,HandoverShowcase.ap2.wlan[0].mac.dcf.channelAccess.pendingQueue,incomingDataRate:vector
33303.0,81.0,HandoverShowcase.ap2.wlan[0].mac.dcf.channelAccess.pendingQueue,incomingDataRate:vector
33339.0,81.1,HandoverShowcase.ap2.wlan[0].mac.dcf.channelAccess.pendingQueue,incomingDataRate:vector
33387.0,81.2,HandoverShowcase.ap2.wlan[0].mac.dcf.channelAccess.pendingQueue,incomingDataRate:vector
33420.0,81.3,HandoverShowcase.ap2.wlan[0].mac.dcf.channelAccess.pendingQueue,incomingDataRate:vector
33458.0,81.4,HandoverShowcase.ap2.wlan[0].mac.dcf.channelAccess.pendingQueue,incomingDataRate:vector
33506.0,81.5,HandoverShowcase.ap2.wlan[0].mac.dcf.channelAccess.pendingQueue,incomingDataRate:vector
33542.0,81.6,HandoverShowcase.ap2.wlan[0].mac.dcf.channelAccess.pendingQueue,incomingDataRate:vector
33590.0,81.7,HandoverShowcase.ap2.wlan[0].mac.dcf.channelAccess.pendingQueue,incomingDataRate:vector
33623.0,81.8,HandoverShowcase.ap2.wlan[0].mac.dcf.channelAccess.pendingQueue,incomingDataRate:vector
33659.0,81.9,HandoverShowcase.ap2.wlan[0].mac.dcf.channelAccess.pendingQueue,incomingDataRate:vector
33707.0,82.0,HandoverShowcase.ap2.wlan[0].mac.dcf.channelAccess.pendingQueue,incomingDataRate:vector
33743.0,82.1,HandoverShowcase.ap2.wlan[0].mac.dcf.channelAccess.pendingQueue,incomingDataRate:vector
33791.0,82.2,HandoverShowcase.ap2.wlan[0].mac.dcf.channelAccess.pendingQueue,incomingDataRate:vector
33824.0,82.3,HandoverShowcase.ap2.wlan[0].mac.dcf.channelAccess.pendingQueue,incomingDataRate:vector
33860.0,82.4,HandoverShowcase.ap2.wlan[0].mac.dcf.channelAccess.pendingQueue,incomingDataRate:vector
33908.0,82.5,HandoverShowcase.ap2.wlan[0].mac.dcf.channelAccess.pendingQueue,incomingDataRate:vector
33946.0,82.6,HandoverShowcase.ap2.wlan[0].mac.dcf.channelAccess.pendingQueue,incomingDataRate:vector
33994.0,82.7,HandoverShowcase.ap2.wlan[0].mac.dcf.channelAccess.pendingQueue,incomingDataRate:vector
34027.0,82.8,HandoverShowcase.ap2.wlan[0].mac.dcf.channelAccess.pendingQueue,incomingDataRate:vector
34063.0,82.9,HandoverShowcase.ap2.wlan[0].mac.dcf.channelAccess.pendingQueue,incomingDataRate:vector
34111.0,83.0,HandoverShowcase.ap2.wlan[0].mac.dcf.channelAccess.pendingQueue,incomingDataRate:vector
34147.0,83.1,HandoverShowcase.ap2.wlan[0].mac.dcf.channelAccess.pendingQueue,incomingDataRate:vector
34195.0,83.2,HandoverShowcase.ap2.wlan[0].mac.dcf.channelAccess.pendingQueue,incomingDataRate:vector
34228.0,83.3,HandoverShowcase.ap2.wlan[0].mac.dcf.channelAccess.pendingQueue,incomingDataRate:vector
34264.0,83.4,HandoverShowcase.ap2.wlan[0].mac.dcf.channelAccess.pendingQueue,incomingDataRate:vector
34312.0,83.5,HandoverShowcase.ap2.wlan[0].mac.dcf.channelAccess.pendingQueue,incomingDataRate:vector
34348.0,83.6,HandoverShowcase.ap2.wlan[0].mac.dcf.channelAccess.pendingQueue,incomingDataRate:vector
34396.0,83.7,HandoverShowcase.ap2.wlan[0].mac.dcf.channelAccess.pendingQueue,incomingDataRate:vector
34429.0,83.8,HandoverShowcase.ap2.wlan[0].mac.dcf.channelAccess.pendingQueue,incomingDataRate:vector
34467.0,83.9,HandoverShowcase.ap2.wlan[0].mac.dcf.channelAccess.pendingQueue,incomingDataRate:vector
34515.0,84.0,HandoverShowcase.ap2.wlan[0].mac.dcf.channelAccess.pendingQueue,incomingDataRate:vector
34551.0,84.1,HandoverShowcase.ap2.wlan[0].mac.dcf.channelAccess.pendingQueue,incomingDataRate:vector
34599.0,84.2,HandoverShowcase.ap2.wlan[0].mac.dcf.channelAccess.pendingQueue,incomingDataRate:vector
34632.0,84.3,HandoverShowcase.ap2.wlan[0].mac.dcf.channelAccess.pendingQueue,incomingDataRate:vector
34668.0,84.4,HandoverShowcase.ap2.wlan[0].mac.dcf.channelAccess.pendingQueue,incomingDataRate:vector
34716.0,84.5,HandoverShowcase.ap2.wlan[0].mac.dcf.channelAccess.pendingQueue,incomingDataRate:vector
34752.0,84.6,HandoverShowcase.ap2.wlan[0].mac.dcf.channelAccess.pendingQueue,incomingDataRate:vector
34800.0,84.7,HandoverShowcase.ap2.wlan[0].mac.dcf.channelAccess.pendingQueue,incomingDataRate:vector
34833.0,84.8,HandoverShowcase.ap2.wlan[0].mac.dcf.channelAccess.pendingQueue,incomingDataRate:vector
34869.0,84.9,HandoverShowcase.ap2.wlan[0].mac.dcf.channelAccess.pendingQueue,incomingDataRate:vector
34917.0,85.0,HandoverShowcase.ap2.wlan[0].mac.dcf.channelAccess.pendingQueue,incomingDataRate:vector
34955.0,85.1,HandoverShowcase.ap2.wlan[0].mac.dcf.channelAccess.pendingQueue,incomingDataRate:vector
35003.0,85.2,HandoverShowcase.ap2.wlan[0].mac.dcf.channelAccess.pendingQueue,incomingDataRate:vector
35036.0,85.3,HandoverShowcase.ap2.wlan[0].mac.dcf.channelAccess.pendingQueue,incomingDataRate:vector
35072.0,85.4,HandoverShowcase.ap2.wlan[0].mac.dcf.channelAccess.pendingQueue,incomingDataRate:vector
35120.0,85.5,HandoverShowcase.ap2.wlan[0].mac.dcf.channelAccess.pendingQueue,incomingDataRate:vector
35156.0,85.6,HandoverShowcase.ap2.wlan[0].mac.dcf.channelAccess.pendingQueue,incomingDataRate:vector
35204.0,85.7,HandoverShowcase.ap2.wlan[0].mac.dcf.channelAccess.pendingQueue,incomingDataRate:vector
35237.0,85.8,HandoverShowcase.ap2.wlan[0].mac.dcf.channelAccess.pendingQueue,incomingDataRate:vector
35273.0,85.9,HandoverShowcase.ap2.wlan[0].mac.dcf.channelAccess.pendingQueue,incomingDataRate:vector
35321.0,86.0,HandoverShowcase.ap2.wlan[0].mac.dcf.channelAccess.pendingQueue,incomingDataRate:vector
35357.0,86.1,HandoverShowcase.ap2.wlan[0].mac.dcf.channelAccess.pendingQueue,incomingDataRate:vector
35405.0,86.2,HandoverShowcase.ap2.wlan[0].mac.dcf.channelAccess.pendingQueue,incomingDataRate:vector
35438.0,86.3,HandoverShowcase.ap2.wlan[0].mac.dcf.channelAccess.pendingQueue,incomingDataRate:vector
35476.0,86.4,HandoverShowcase.ap2.wlan[0].mac.dcf.channelAccess.pendingQueue,incomingDataRate:vector
35524.0,86.5,HandoverShowcase.ap2.wlan[0].mac.dcf.channelAccess.pendingQueue,incomingDataRate:vector
35560.0,86.6,HandoverShowcase.ap2.wlan[0].mac.dcf.channelAccess.pendingQueue,incomingDataRate:vector
35608.0,86.7,HandoverShowcase.ap2.wlan[0].mac.dcf.channelAccess.pendingQueue,incomingDataRate:vector
35641.0,86.8,HandoverShowcase.ap2.wlan[0].mac.dcf.channelAccess.pendingQueue,incomingDataRate:vector
35677.0,86.9,HandoverShowcase.ap2.wlan[0].mac.dcf.channelAccess.pendingQueue,incomingDataRate:vector
35725.0,87.0,HandoverShowcase.ap2.wlan[0].mac.dcf.channelAccess.pendingQueue,incomingDataRate:vector
35761.0,87.1,HandoverShowcase.ap2.wlan[0].mac.dcf.channelAccess.pendingQueue,incomingDataRate:vector
35809.0,87.2,HandoverShowcase.ap2.wlan[0].mac.dcf.channelAccess.pendingQueue,incomingDataRate:vector
35842.0,87.3,HandoverShowcase.ap2.wlan[0].mac.dcf.channelAccess.pendingQueue,incomingDataRate:vector
35878.0,87.4,HandoverShowcase.ap2.wlan[0].mac.dcf.channelAccess.pendingQueue,incomingDataRate:vector
35926.0,87.5,HandoverShowcase.ap2.wlan[0].mac.dcf.channelAccess.pendingQueue,incomingDataRate:vector
35964.0,87.6,HandoverShowcase.ap2.wlan[0].mac.dcf.channelAccess.pendingQueue,incomingDataRate:vector
36012.0,87.7,HandoverShowcase.ap2.wlan[0].mac.dcf.channelAccess.pendingQueue,incomingDataRate:vector
36045.0,87.8,HandoverShowcase.ap2.wlan[0].mac.dcf.channelAccess.pendingQueue,incomingDataRate:vector
36081.0,87.9,HandoverShowcase.ap2.wlan[0].mac.dcf.channelAccess.pendingQueue,incomingDataRate:vector
36129.0,88.0,HandoverShowcase.ap2.wlan[0].mac.dcf.channelAccess.pendingQueue,incomingDataRate:vector
36165.0,88.1,HandoverShowcase.ap2.wlan[0].mac.dcf.channelAccess.pendingQueue,incomingDataRate:vector
36213.0,88.2,HandoverShowcase.ap2.wlan[0].mac.dcf.channelAccess.pendingQueue,incomingDataRate:vector
36246.0,88.3,HandoverShowcase.ap2.wlan[0].mac.dcf.channelAccess.pendingQueue,incomingDataRate:vector
36282.0,88.4,HandoverShowcase.ap2.wlan[0].mac.dcf.channelAccess.pendingQueue,incomingDataRate:vector
36330.0,88.5,HandoverShowcase.ap2.wlan[0].mac.dcf.channelAccess.pendingQueue,incomingDataRate:vector
36366.0,88.6,HandoverShowcase.ap2.wlan[0].mac.dcf.channelAccess.pendingQueue,incomingDataRate:vector
36414.0,88.7,HandoverShowcase.ap2.wlan[0].mac.dcf.channelAccess.pendingQueue,incomingDataRate:vector
36447.0,88.8,HandoverShowcase.ap2.wlan[0].mac.dcf.channelAccess.pendingQueue,incomingDataRate:vector
36483.0,88.9,HandoverShowcase.ap2.wlan[0].mac.dcf.channelAccess.pendingQueue,incomingDataRate:vector
36529.0,89.0,HandoverShowcase.ap2.wlan[0].mac.dcf.channelAccess.pendingQueue,incomingDataRate:vector
36567.0,89.1,HandoverShowcase.ap2.wlan[0].mac.dcf.channelAccess.pendingQueue,incomingDataRate:vector
36628.0,89.2,HandoverShowcase.ap2.wlan[0].mac.dcf.channelAccess.pendingQueue,incomingDataRate:vector
36659.0,89.3,HandoverShowcase.ap2.wlan[0].mac.dcf.channelAccess.pendingQueue,incomingDataRate:vector
36696.0,89.4,HandoverShowcase.ap2.wlan[0].mac.dcf.channelAccess.pendingQueue,incomingDataRate:vector
36757.0,89.5,HandoverShowcase.ap2.wlan[0].mac.dcf.channelAccess.pendingQueue,incomingDataRate:vector
36796.0,89.6,HandoverShowcase.ap2.wlan[0].mac.dcf.channelAccess.pendingQueue,incomingDataRate:vector
36891.0,89.7,HandoverShowcase.ap2.wlan[0].mac.dcf.channelAccess.pendingQueue,incomingDataRate:vector
36924.0,89.8,HandoverShowcase.ap2.wlan[0].mac.dcf.channelAccess.pendingQueue,incomingDataRate:vector
36961.0,89.9,HandoverShowcase.ap2.wlan[0].mac.dcf.channelAccess.pendingQueue,incomingDataRate:vector
37010.0,90.0,HandoverShowcase.ap2.wlan[0].mac.dcf.channelAccess.pendingQueue,incomingDataRate:vector
37061.0,90.1,HandoverShowcase.ap2.wlan[0].mac.dcf.channelAccess.pendingQueue,incomingDataRate:vector
37107.0,90.2,HandoverShowcase.ap2.wlan[0].mac.dcf.channelAccess.pendingQueue,incomingDataRate:vector
37141.0,90.3,HandoverShowcase.ap2.wlan[0].mac.dcf.channelAccess.pendingQueue,incomingDataRate:vector
37190.0,90.4,HandoverShowcase.ap2.wlan[0].mac.dcf.channelAccess.pendingQueue,incomingDataRate:vector
37428.0,90.5,HandoverShowcase.ap2.wlan[0].mac.dcf.channelAccess.pendingQueue,incomingDataRate:vector
37464.0,90.6,HandoverShowcase.ap2.wlan[0].mac.dcf.channelAccess.pendingQueue,incomingDataRate:vector
37512.0,90.7,HandoverShowcase.ap2.wlan[0].mac.dcf.channelAccess.pendingQueue,incomingDataRate:vector
37545.0,90.8,HandoverShowcase.ap2.wlan[0].mac.dcf.channelAccess.pendingQueue,incomingDataRate:vector
37581.0,90.9,HandoverShowcase.ap2.wlan[0].mac.dcf.channelAccess.pendingQueue,incomingDataRate:vector
37629.0,91.0,HandoverShowcase.ap2.wlan[0].mac.dcf.channelAccess.pendingQueue,incomingDataRate:vector
37665.0,91.1,HandoverShowcase.ap2.wlan[0].mac.dcf.channelAccess.pendingQueue,incomingDataRate:vector
37713.0,91.2,HandoverShowcase.ap2.wlan[0].mac.dcf.channelAccess.pendingQueue,incomingDataRate:vector
37746.0,91.3,HandoverShowcase.ap2.wlan[0].mac.dcf.channelAccess.pendingQueue,incomingDataRate:vector
37784.0,91.4,HandoverShowcase.ap2.wlan[0].mac.dcf.channelAccess.pendingQueue,incomingDataRate:vector
37832.0,91.5,HandoverShowcase.ap2.wlan[0].mac.dcf.channelAccess.pendingQueue,incomingDataRate:vector
37868.0,91.6,HandoverShowcase.ap2.wlan[0].mac.dcf.channelAccess.pendingQueue,incomingDataRate:vector
37916.0,91.7,HandoverShowcase.ap2.wlan[0].mac.dcf.channelAccess.pendingQueue,incomingDataRate:vector
37949.0,91.8,HandoverShowcase.ap2.wlan[0].mac.dcf.channelAccess.pendingQueue,incomingDataRate:vector
37985.0,91.9,HandoverShowcase.ap2.wlan[0].mac.dcf.channelAccess.pendingQueue,incomingDataRate:vector
38033.0,92.0,HandoverShowcase.ap2.wlan[0].mac.dcf.channelAccess.pendingQueue,incomingDataRate:vector
38069.0,92.1,HandoverShowcase.ap2.wlan[0].mac.dcf.channelAccess.pendingQueue,incomingDataRate:vector
38117.0,92.2,HandoverShowcase.ap2.wlan[0].mac.dcf.channelAccess.pendingQueue,incomingDataRate:vector
38150.0,92.3,HandoverShowcase.ap2.wlan[0].mac.dcf.channelAccess.pendingQueue,incomingDataRate:vector
38186.0,92.4,HandoverShowcase.ap2.wlan[0].mac.dcf.channelAccess.pendingQueue,incomingDataRate:vector
38234.0,92.5,HandoverShowcase.ap2.wlan[0].mac.dcf.channelAccess.pendingQueue,incomingDataRate:vector
38272.0,92.6,HandoverShowcase.ap2.wlan[0].mac.dcf.channelAccess.pendingQueue,incomingDataRate:vector
38320.0,92.7,HandoverShowcase.ap2.wlan[0].mac.dcf.channelAccess.pendingQueue,incomingDataRate:vector
38353.0,92.8,HandoverShowcase.ap2.wlan[0].mac.dcf.channelAccess.pendingQueue,incomingDataRate:vector
38389.0,92.9,HandoverShowcase.ap2.wlan[0].mac.dcf.channelAccess.pendingQueue,incomingDataRate:vector
38437.0,93.0,HandoverShowcase.ap2.wlan[0].mac.dcf.channelAccess.pendingQueue,incomingDataRate:vector
38473.0,93.1,HandoverShowcase.ap2.wlan[0].mac.dcf.channelAccess.pendingQueue,incomingDataRate:vector
38521.0,93.2,HandoverShowcase.ap2.wlan[0].mac.dcf.channelAccess.pendingQueue,incomingDataRate:vector
38554.0,93.3,HandoverShowcase.ap2.wlan[0].mac.dcf.channelAccess.pendingQueue,incomingDataRate:vector
38590.0,93.4,HandoverShowcase.ap2.wlan[0].mac.dcf.channelAccess.pendingQueue,incomingDataRate:vector
38638.0,93.5,HandoverShowcase.ap2.wlan[0].mac.dcf.channelAccess.pendingQueue,incomingDataRate:vector
38674.0,93.6,HandoverShowcase.ap2.wlan[0].mac.dcf.channelAccess.pendingQueue,incomingDataRate:vector
38722.0,93.7,HandoverShowcase.ap2.wlan[0].mac.dcf.channelAccess.pendingQueue,incomingDataRate:vector
38755.0,93.8,HandoverShowcase.ap2.wlan[0].mac.dcf.channelAccess.pendingQueue,incomingDataRate:vector
38793.0,93.9,HandoverShowcase.ap2.wlan[0].mac.dcf.channelAccess.pendingQueue,incomingDataRate:vector
38841.0,94.0,HandoverShowcase.ap2.wlan[0].mac.dcf.channelAccess.pendingQueue,incomingDataRate:vector
38877.0,94.1,HandoverShowcase.ap2.wlan[0].mac.dcf.channelAccess.pendingQueue,incomingDataRate:vector
38925.0,94.2,HandoverShowcase.ap2.wlan[0].mac.dcf.channelAccess.pendingQueue,incomingDataRate:vector
38958.0,94.3,HandoverShowcase.ap2.wlan[0].mac.dcf.channelAccess.pendingQueue,incomingDataRate:vector
38994.0,94.4,HandoverShowcase.ap2.wlan[0].mac.dcf.channelAccess.pendingQueue,incomingDataRate:vector
39042.0,94.5,HandoverShowcase.ap2.wlan[0].mac.dcf.channelAccess.pendingQueue,incomingDataRate:vector
39078.0,94.6,HandoverShowcase.ap2.wlan[0].mac.dcf.channelAccess.pendingQueue,incomingDataRate:vector
39126.0,94.7,HandoverShowcase.ap2.wlan[0].mac.dcf.channelAccess.pendingQueue,incomingDataRate:vector
39159.0,94.8,HandoverShowcase.ap2.wlan[0].mac.dcf.channelAccess.pendingQueue,incomingDataRate:vector
39195.0,94.9,HandoverShowcase.ap2.wlan[0].mac.dcf.channelAccess.pendingQueue,incomingDataRate:vector
39243.0,95.0,HandoverShowcase.ap2.wlan[0].mac.dcf.channelAccess.pendingQueue,incomingDataRate:vector
39281.0,95.1,HandoverShowcase.ap2.wlan[0].mac.dcf.channelAccess.pendingQueue,incomingDataRate:vector
39329.0,95.2,HandoverShowcase.ap2.wlan[0].mac.dcf.channelAccess.pendingQueue,incomingDataRate:vector
39362.0,95.3,HandoverShowcase.ap2.wlan[0].mac.dcf.channelAccess.pendingQueue,incomingDataRate:vector
39398.0,95.4,HandoverShowcase.ap2.wlan[0].mac.dcf.channelAccess.pendingQueue,incomingDataRate:vector
39446.0,95.5,HandoverShowcase.ap2.wlan[0].mac.dcf.channelAccess.pendingQueue,incomingDataRate:vector
39482.0,95.6,HandoverShowcase.ap2.wlan[0].mac.dcf.channelAccess.pendingQueue,incomingDataRate:vector
39530.0,95.7,HandoverShowcase.ap2.wlan[0].mac.dcf.channelAccess.pendingQueue,incomingDataRate:vector
39563.0,95.8,HandoverShowcase.ap2.wlan[0].mac.dcf.channelAccess.pendingQueue,incomingDataRate:vector
39599.0,95.9,HandoverShowcase.ap2.wlan[0].mac.dcf.channelAccess.pendingQueue,incomingDataRate:vector
39647.0,96.0,HandoverShowcase.ap2.wlan[0].mac.dcf.channelAccess.pendingQueue,incomingDataRate:vector
39683.0,96.1,HandoverShowcase.ap2.wlan[0].mac.dcf.channelAccess.pendingQueue,incomingDataRate:vector
39731.0,96.2,HandoverShowcase.ap2.wlan[0].mac.dcf.channelAccess.pendingQueue,incomingDataRate:vector
39764.0,96.3,HandoverShowcase.ap2.wlan[0].mac.dcf.channelAccess.pendingQueue,incomingDataRate:vector
39802.0,96.4,HandoverShowcase.ap2.wlan[0].mac.dcf.channelAccess.pendingQueue,incomingDataRate:vector
39850.0,96.5,HandoverShowcase.ap2.wlan[0].mac.dcf.channelAccess.pendingQueue,incomingDataRate:vector
39886.0,96.6,HandoverShowcase.ap2.wlan[0].mac.dcf.channelAccess.pendingQueue,incomingDataRate:vector
39934.0,96.7,HandoverShowcase.ap2.wlan[0].mac.dcf.channelAccess.pendingQueue,incomingDataRate:vector
39967.0,96.8,HandoverShowcase.ap2.wlan[0].mac.dcf.channelAccess.pendingQueue,incomingDataRate:vector
40003.0,96.9,HandoverShowcase.ap2.wlan[0].mac.dcf.channelAccess.pendingQueue,incomingDataRate:vector
40051.0,97.0,HandoverShowcase.ap2.wlan[0].mac.dcf.channelAccess.pendingQueue,incomingDataRate:vector
40087.0,97.1,HandoverShowcase.ap2.wlan[0].mac.dcf.channelAccess.pendingQueue,incomingDataRate:vector
40135.0,97.2,HandoverShowcase.ap2.wlan[0].mac.dcf.channelAccess.pendingQueue,incomingDataRate:vector
40168.0,97.3,HandoverShowcase.ap2.wlan[0].mac.dcf.channelAccess.pendingQueue,incomingDataRate:vector
40204.0,97.4,HandoverShowcase.ap2.wlan[0].mac.dcf.channelAccess.pendingQueue,incomingDataRate:vector
40252.0,97.5,HandoverShowcase.ap2.wlan[0].mac.dcf.channelAccess.pendingQueue,incomingDataRate:vector
40290.0,97.6,HandoverShowcase.ap2.wlan[0].mac.dcf.channelAccess.pendingQueue,incomingDataRate:vector
40338.0,97.7,HandoverShowcase.ap2.wlan[0].mac.dcf.channelAccess.pendingQueue,incomingDataRate:vector
40371.0,97.8,HandoverShowcase.ap2.wlan[0].mac.dcf.channelAccess.pendingQueue,incomingDataRate:vector
40407.0,97.9,HandoverShowcase.ap2.wlan[0].mac.dcf.channelAccess.pendingQueue,incomingDataRate:vector
40455.0,98.0,HandoverShowcase.ap2.wlan[0].mac.dcf.channelAccess.pendingQueue,incomingDataRate:vector
40491.0,98.1,HandoverShowcase.ap2.wlan[0].mac.dcf.channelAccess.pendingQueue,incomingDataRate:vector
40539.0,98.2,HandoverShowcase.ap2.wlan[0].mac.dcf.channelAccess.pendingQueue,incomingDataRate:vector
40572.0,98.3,HandoverShowcase.ap2.wlan[0].mac.dcf.channelAccess.pendingQueue,incomingDataRate:vector
40608.0,98.4,HandoverShowcase.ap2.wlan[0].mac.dcf.channelAccess.pendingQueue,incomingDataRate:vector
40656.0,98.5,HandoverShowcase.ap2.wlan[0].mac.dcf.channelAccess.pendingQueue,incomingDataRate:vector
40692.0,98.6,HandoverShowcase.ap2.wlan[0].mac.dcf.channelAccess.pendingQueue,incomingDataRate:vector
40740.0,98.7,HandoverShowcase.ap2.wlan[0].mac.dcf.channelAccess.pendingQueue,incomingDataRate:vector
40773.0,98.8,HandoverShowcase.ap2.wlan[0].mac.dcf.channelAccess.pendingQueue,incomingDataRate:vector
40811.0,98.9,HandoverShowcase.ap2.wlan[0].mac.dcf.channelAccess.pendingQueue,incomingDataRate:vector
40859.0,99.0,HandoverShowcase.ap2.wlan[0].mac.dcf.channelAccess.pendingQueue,incomingDataRate:vector
40895.0,99.1,HandoverShowcase.ap2.wlan[0].mac.dcf.channelAccess.pendingQueue,incomingDataRate:vector
40943.0,99.2,HandoverShowcase.ap2.wlan[0].mac.dcf.channelAccess.pendingQueue,incomingDataRate:vector
40976.0,99.3,HandoverShowcase.ap2.wlan[0].mac.dcf.channelAccess.pendingQueue,incomingDataRate:vector
41012.0,99.4,HandoverShowcase.ap2.wlan[0].mac.dcf.channelAccess.pendingQueue,incomingDataRate:vector
41060.0,99.5,HandoverShowcase.ap2.wlan[0].mac.dcf.channelAccess.pendingQueue,incomingDataRate:vector
41096.0,99.6,HandoverShowcase.ap2.wlan[0].mac.dcf.channelAccess.pendingQueue,incomingDataRate:vector
41144.0,99.7,HandoverShowcase.ap2.wlan[0].mac.dcf.channelAccess.pendingQueue,incomingDataRate:vector
41177.0,99.8,HandoverShowcase.ap2.wlan[0].mac.dcf.channelAccess.pendingQueue,incomingDataRate:vector
41213.0,99.9,HandoverShowcase.ap2.wlan[0].mac.dcf.channelAccess.pendingQueue,incomingDataRate:vector
41260.0,100.0,HandoverShowcase.ap2.wlan[0].mac.dcf.channelAccess.pendingQueue,incomingDataRate:vector
